--------------------------------------------------------------------------------------------------------------------------------------------------------------------------------------
  Bin Id                       Marker lineage            # genomes   # markers   # marker sets    0     1     2    3    4   5+   Completeness   Contamination   Strain heterogeneity  
--------------------------------------------------------------------------------------------------------------------------------------------------------------------------------------
  SRR7082967_bin.18        k__Bacteria (UID2569)            434         277           185         1    275    1    0    0   0       99.46            0.54               0.00          
  SRR7082967_bin.13   c__Betaproteobacteria (UID3959)       235         419           211         4    402    13   0    0   0       98.42            3.41              76.92          
  SRR7082967_bin.23   c__Gammaproteobacteria (UID4761)       52         693           297         19   671    3    0    0   0       97.87            0.34               0.00          
  SRR7082967_bin.25    f__Flavobacteriaceae (UID2817)        81         511           283         13   478    20   0    0   0       97.07            2.27               0.00          
  SRR7082967_bin.15      p__Bacteroidetes (UID2591)         364         303           203         15   286    2    0    0   0       96.90            0.74               0.00          
  SRR7082967_bin.11   c__Betaproteobacteria (UID3959)       235         419           211         44   356    19   0    0   0       89.88            6.22              15.79          
  SRR7082967_bin.28   c__Gammaproteobacteria (UID4267)      119         544           284         50   313   161   17   3   0       89.86           39.01               3.48          
  SRR7082967_bin.10        k__Bacteria (UID3187)            2258        190           119         23   159    8    0    0   0       82.75            3.13               0.00          
  SRR7082967_bin.27   c__Gammaproteobacteria (UID4444)      263         507           232         91   387    29   0    0   0       79.37            7.60               3.45          
  SRR7082967_bin.22        k__Bacteria (UID2570)            433         273           183         69   193    11   0    0   0       71.67            3.29              18.18          
  SRR7082967_bin.9         p__Firmicutes (UID239)           1324        176           102         52   102    22   0    0   0       68.37           14.74              18.18          
  SRR7082967_bin.8         k__Bacteria (UID2329)            174         149            89         53    81    15   0    0   0       66.91            6.24               0.00          
  SRR7082967_bin.3         k__Bacteria (UID1452)            924         161           108         44   116    1    0    0   0       63.89            0.93              100.00         
  SRR7082967_bin.4         k__Bacteria (UID1452)            924         161           108         48   111    2    0    0   0       63.64            1.85               0.00          
  SRR7082967_bin.26   c__Gammaproteobacteria (UID4267)      119         544           284        191   343    10   0    0   0       61.06            1.47               0.00          
  SRR7082967_bin.12        p__Firmicutes (UID239)           1324        176           102         79    96    1    0    0   0       52.37            0.49               0.00          
  SRR7082967_bin.16        k__Bacteria (UID2570)            433         273           183        135   138    0    0    0   0       49.91            0.00               0.00          
  SRR7082967_bin.2      p__Proteobacteria (UID3887)         1487        261           164        168    79    14   0    0   0       35.07            6.86               0.00          
  SRR7082967_bin.17    f__Xanthomonadaceae (UID4214)         55         659           290        445   195    18   1    0   0       33.07            3.23               4.76          
  SRR7082967_bin.29        k__Bacteria (UID1452)            924         160           109         94    65    1    0    0   0       30.99            0.10               0.00          
  SRR7082967_bin.19        k__Bacteria (UID1452)            924         161           108        116    45    0    0    0   0       26.82            0.00               0.00          
  SRR7082967_bin.20         k__Bacteria (UID203)            5449        103            58         87    16    0    0    0   0       15.44            0.00               0.00          
  SRR7082967_bin.7          k__Bacteria (UID203)            5449        103            57        102    1     0    0    0   0        1.75            0.00               0.00          
  SRR7082967_bin.6          k__Bacteria (UID203)            5449        104            58        103    1     0    0    0   0        1.72            0.00               0.00          
  SRR7082967_bin.5              root (UID1)                 5656         56            24         56    0     0    0    0   0        0.00            0.00               0.00          
  SRR7082967_bin.24             root (UID1)                 5656         56            24         56    0     0    0    0   0        0.00            0.00               0.00          
  SRR7082967_bin.21             root (UID1)                 5656         56            24         56    0     0    0    0   0        0.00            0.00               0.00          
  SRR7082967_bin.14             root (UID1)                 5656         56            24         56    0     0    0    0   0        0.00            0.00               0.00          
  SRR7082967_bin.1              root (UID1)                 5656         56            24         56    0     0    0    0   0        0.00            0.00               0.00          
--------------------------------------------------------------------------------------------------------------------------------------------------------------------------------------
