NODE_6_length_77894_cov_28.027672_29	ACU97777.1	85.2	305	44	1	1	305	1	304	4.84e-186	516
NODE_6_length_77894_cov_28.027672_29	BAO42836.1	84.3	281	43	1	1	281	1	280	1.05e-165	464
NODE_855_length_13402_cov_2.322260_1	ACU97777.1	82.0	305	54	1	1	305	1	304	3.46e-179	499
NODE_855_length_13402_cov_2.322260_1	BAO42836.1	80.8	281	53	1	1	281	1	280	1.06e-158	446
NODE_2303_length_8600_cov_1.695149_6	ACU97777.1	84.3	305	47	1	1	305	1	304	1.47e-180	503
NODE_2303_length_8600_cov_1.695149_6	BAO42836.1	83.3	281	46	1	1	281	1	280	3.17e-160	450
NODE_54446_length_1264_cov_1.204046_2	WP_107095481.1	80.8	287	55	0	19	305	21	307	2.45e-165	464
NODE_42_length_79261_cov_2.589532_46	UGV30291.1	80.3	299	57	2	8	304	6	304	1.59e-170	477
NODE_771_length_15974_cov_1.706443_2	WP_106963453.1	89.5	287	29	1	15	300	1	287	1.01e-184	512
NODE_771_length_15974_cov_1.706443_2	WP_107095481.1	84.1	296	44	1	5	300	18	310	5.84e-178	496
NODE_19082_length_2802_cov_0.659439_1	QVJ03415.1	84.9	239	35	1	20	258	3	240	8.31e-142	402
NODE_19082_length_2802_cov_0.659439_1	USY23124.1	83.0	241	40	1	25	265	1	240	6.47e-139	395
NODE_8581_length_4519_cov_3.569672_2	UGV30291.1	80.3	299	57	2	8	304	6	304	1.12e-170	478
NODE_29327_length_2045_cov_4.466632_1	WP_107095481.1	81.1	281	52	1	28	308	31	310	3.84e-162	456
NODE_29327_length_2045_cov_4.466632_1	WP_106963453.1	80.1	282	56	0	27	308	6	287	3.76e-159	448
NODE_5213_length_4868_cov_0.942417_7	UGV30291.1	80.3	299	57	2	8	304	6	304	7.90e-171	478
NODE_2217_length_10618_cov_1.083595_9	UGV30291.1	80.3	299	57	2	8	304	6	304	2.76e-171	479
NODE_36189_length_692_cov_0.092035_2	AGM07810.1	80.7	161	31	0	10	170	122	282	2.00e-87	260
NODE_36189_length_692_cov_0.092035_2	ANN18690.1	80.1	161	32	0	10	170	122	282	4.03e-87	259
NODE_36189_length_692_cov_0.092035_2	AIG75547.1	80.1	161	32	0	10	170	122	282	5.71e-87	259
GAP38373.1	GAP38373.1	100	280	0	0	1	280	1	280	7.28e-194	535
AEV21261.1	AEV21261.1	100	280	0	0	1	280	1	280	2.25e-199	548
AEV21261.1	pdb|4EB0|A	100	245	0	0	36	280	1	245	3.48e-175	486
