	reference	I	II	III	IV	V	VI	VII	VIII	IX	X	XI	XII	XIII	MHET_I	MHET_II
ERR4298338	1000.0	0.0	1.2991954268320975	0.0	0.0	0.0	0.0	0.0	0.0	0.0	0.0	0.0	0.0	0.0	2.285191956124314	0.0
ERR5749939	1000.0	0.0	3.8823266783783525	0.0	0.0	0.0	0.0	0.0	0.0	0.0	0.0	0.0	0.0	0.0	1.3657470636438132	0.0
ERR5749940	1000.0	0.0	0.0	0.0	0.0	0.0	0.0	0.0	0.0	0.0	0.0	0.0	0.0	0.0	5.029522519427827	0.0
ERR5749942	1000.0	0.0	0.0	0.0	0.0	0.0	0.0	0.0	0.0	0.0	0.0	0.0	0.0	0.0	1.8253416673274832	0.0
ERR5749943	1000.0	0.0	0.0	0.0	0.0	0.0	0.0	0.0	0.0	0.0	0.0	0.0	0.0	0.0	2.4926340732736842	0.0
ERR5749944	1000.0	0.0	0.0	0.0	0.0	0.0	0.0	0.0	0.0	0.0	0.0	0.0	0.0	0.0	0.0	0.0
ERR5750510	1000.0	0.0	5.430291583048047	0.0	0.0	0.0	0.0	0.0	0.0	0.0	0.0	0.0	0.0	0.0	0.0	0.0
ERR5750921	1000.0	0.0	9.014366793414126	0.0	0.0	0.0	0.0	0.0	0.0	0.0	0.0	0.0	0.0	0.0	1.4429733615109939	0.0
ERR5750922	1000.0	0.0	0.0	0.0	0.0	0.0	0.0	0.0	0.0	0.0	0.0	0.0	0.0	0.0	0.0	0.0
ERR5750978	1000.0	0.0	1.7307965539065628	0.0	0.0	0.26555056161962065	0.0	0.0	0.0	0.0	0.35517387616624263	0.0	0.0	0.0	1.6760308149737617	0.0
ERR5753375	1000.0	0.0	0.0	0.0	0.0	0.0	0.0	0.0	0.0	0.0	0.0	0.0	0.0	0.0	0.0	0.0
ERR5753381	1000.0	0.0	0.0	0.0	0.0	0.0	0.0	0.0	0.0	0.0	0.0	0.0	0.0	0.0	0.0	0.0
ERR5753969	1000.0	0.0	0.0	0.0	0.0	0.0	0.0	0.0	0.0	0.0	0.0	0.0	0.0	0.0	6.893687707641194	0.0
ERR5754004	1000.0	0.0	0.0	0.0	0.0	0.0	0.0	0.0	0.0	0.0	0.0	0.0	0.0	0.0	0.0	0.0
ERR5754007	1000.0	0.0	0.0	0.0	0.0	0.0	0.0	0.0	0.0	0.0	0.0	0.0	0.0	0.0	0.0	0.0
ERR5754020	1000.0	0.0	0.0	0.0	0.0	0.0	0.0	0.0	0.0	0.0	0.0	0.0	0.0	0.0	0.0	0.0
ERR5754023	1000.0	0.0	0.0	0.0	0.0	0.0	0.0	0.0	0.0	0.0	0.0	0.0	0.0	0.0	0.0	0.0
ERR5754029	1000.0	0.0	0.0	0.0	0.0	0.0	0.0	0.0	0.0	0.0	0.0	0.0	0.0	0.0	0.0	0.0
ERR5754036	1000.0	0.0	0.0	0.0	0.0	0.0	0.0	0.0	0.0	0.0	0.0	0.0	0.0	0.0	0.0	0.0
ERR5756920	1000.0	0.0	0.0	0.0	0.0	0.0	0.0	0.0	0.0	0.0	0.0	0.0	0.0	0.0	4.474520093909681	0.0
ERR5756921	1000.0	0.0	0.0	0.0	0.0	0.0	0.0	0.0	0.0	0.0	0.0	0.0	0.0	0.0	3.017002184489298	0.0
ERR5757696	1000.0	0.0	0.0	0.0	0.0	0.0	0.0	0.0	0.0	0.0	0.0	0.0	0.0	0.0	0.0	0.0
ERR5757697	1000.0	0.0	0.0	0.0	0.0	0.0	0.0	0.0	0.0	0.0	0.0	0.0	0.0	0.0	0.0	0.0
ERR5757698	1000.0	0.0	0.0	0.0	0.0	0.0	0.0	0.0	0.0	0.0	0.0	0.0	0.0	0.0	0.0	0.0
ERR5757737	1000.0	0.0	0.0	0.0	0.0	0.0	0.0	0.0	0.0	0.0	0.0	0.0	0.0	0.0	0.0	0.0
ERR5757773	1000.0	0.0	0.0	0.0	0.0	0.0	0.0	0.0	0.0	0.0	0.975609756097561	0.0	0.0	0.0	1.3956048767976779	0.0
ERR5757776	1000.0	0.0	0.0	0.0	0.0	0.0	0.0	0.0	0.0	0.0	0.0	0.0	0.0	0.0	0.0	0.0
ERR5757922	1000.0	0.0	0.0	0.0	0.0	0.0	0.0	0.0	0.0	0.0	0.0	0.0	0.0	0.0	2.9386162964918725	0.0
ERR5757923	1000.0	0.0	1.0611762646595484	0.0	0.0	0.0	0.0	0.0	0.0	0.0	0.0	0.0	0.0	0.0	0.3753172785241131	0.0
ERR5757924	1000.0	0.0	0.0	0.0	0.0	0.0	0.0	0.0	0.0	0.0	0.0	0.0	0.0	0.0	0.0	0.0
ERR5757926	1000.0	0.0	0.0	0.0	0.0	0.0	0.0	0.0	0.0	0.0	0.0	0.0	0.0	0.0	0.9124193567202719	0.0
ERR5758132	1000.0	0.0	0.0	0.0	0.0	0.0	0.0	0.0	0.0	0.0	0.0	0.0	0.0	0.0	0.49107256812720235	0.0
ERR5758133	1000.0	0.0	0.0	0.0	0.0	0.0	0.0	0.0	0.0	0.0	0.0	0.0	0.0	0.0	2.278561720834242	0.0
ERR5761597	1000.0	0.0	0.0	0.0	0.0	0.0	0.0	0.0	0.0	0.0	0.0	0.0	0.0	0.0	3.3970500228816833	0.0
ERR5762199	1000.0	0.0	0.5939119107228991	0.0	0.0	0.0	0.0	0.0	0.0	0.0	0.0	0.0	0.0	0.0	1.2845507528479458	0.0
ERR5762200	1000.0	0.0	0.0	0.0	0.0	0.0	0.0	0.0	0.0	0.0	0.0	0.0	0.0	0.0	5.482456140350877	0.0
ERR5762203	1000.0	0.0	0.0	0.0	0.0	0.0	0.0	0.0	0.0	0.0	0.0	0.0	0.0	0.0	1.1026709139916686	0.0
ERR5762204	1000.0	0.0	0.0	0.0	0.0	0.0	0.0	0.0	0.0	0.0	0.0	0.0	0.0	0.0	0.6279265427745004	0.0
ERR5762205	1000.0	0.0	0.0	0.0	0.0	0.0	0.0	0.0	0.0	0.0	0.0	0.0	0.0	0.0	1.4523436943299763	0.0
ERR5762206	1000.0	0.0	0.0	0.0	0.0	0.0	0.0	0.0	0.0	0.0	0.0	0.0	0.0	0.0	1.7496725188413729	0.0
ERR5762212	1000.0	0.0	0.5207908491400676	0.0	0.0	0.0	0.0	0.0	0.0	0.0	0.0	0.0	0.0	0.0	0.5777662419678009	0.0
ERR5762213	1000.0	0.0	0.0	0.0	0.0	0.0	0.0	0.0	0.0	0.0	0.0	0.0	0.0	0.0	0.0	0.0
ERR5762214	1000.0	0.0	0.0	0.0	0.0	0.0	0.0	0.0	0.0	0.0	0.0	0.0	0.0	0.0	0.0	0.0
ERR5762215	1000.0	0.0	0.0	0.0	0.0	0.0	0.0	0.0	0.0	0.0	0.0	0.0	0.0	0.0	0.0	0.0
ERR5762216	1000.0	0.0	0.0	0.0	0.0	0.0	0.0	0.0	0.0	0.0	0.0	0.0	0.0	0.0	0.0	0.0
ERR5762226	1000.0	0.0	0.0	0.0	0.0	0.0	0.0	0.0	0.0	0.0	0.0	0.0	0.0	0.0	3.036742565250532	0.0
ERR5762228	1000.0	0.0	1.5572571625225846	0.0	0.0	0.0	0.0	0.0	0.0	0.0	0.9586864406779662	0.0	0.0	0.0	1.0985922074760586	0.0
ERR5762230	1000.0	0.0	0.0	0.0	0.0	0.0	0.0	0.0	0.0	0.0	0.0	0.0	0.0	0.0	0.7985803016858917	0.0
ERR5762234	1000.0	0.0	1.3377439147552495	0.0	0.0	0.0	0.0	0.0	0.0	0.0	0.0	0.0	0.0	0.0	0.0	0.0
ERR5762236	1000.0	0.0	0.0	0.0	0.0	0.0	0.0	0.0	0.0	0.0	0.0	0.0	0.0	0.0	0.7900043355670717	0.0
ERR5766670	1000.0	0.0	10.413335192125285	0.0	0.0	0.0	0.0	0.0	0.0	0.0	1.3685651257924027	0.0	0.0	0.0	4.824236065389922	0.0
ERR5766671	1000.0	0.0	5.018263161599649	0.0	0.0	0.0	0.0	0.0	0.0	0.0	1.0514691968750847	0.0	0.0	0.0	7.732924581315257	0.0
ERR5766672	1000.0	0.0	8.790886224575006	0.0	0.0	0.0	0.0	0.2846490115452459	0.0	0.0	1.2255495418506384	0.0	0.0	0.0	4.127045639178897	0.0
ERR5766673	1000.0	0.0	3.453814614891626	0.0	0.0	0.0	0.0	0.0	0.0	0.0	0.7087515407642191	0.0	0.0	0.0	3.4950402848417816	0.0
ERR5766674	1000.0	0.0	6.751929020095094	0.0	0.0	0.0	0.0	0.0	0.0	0.0	0.31974279253815713	0.0	0.0	0.0	4.408174775185217	0.0
ERR5766676	1000.0	0.0	1.126723791099203	0.0	0.0	0.0	0.0	0.0	0.0	0.0	0.18497048903878582	0.0	0.0	0.0	4.804511639798473	0.0
ERR5766914	1000.0	0.0	1.2473796365274337	0.0	0.0	0.0	0.0	0.0	0.0	0.0	0.614334470989761	0.0	0.0	0.0	0.8776206728425158	0.0
ERR5766915	1000.0	0.0	0.0	0.0	0.0	0.0	0.0	0.0	0.0	0.0	0.0	0.0	0.0	0.0	3.938356164383561	0.0
ERR9963793	1000.0	0.0	3.1914393672112213	0.0	0.0	0.0	0.0	0.0	0.0	0.0	0.0	0.0	0.0	0.0	2.517293348354504	0.0
ERR9963794	1000.0	0.0	0.6613954627726895	0.0	0.0	0.0	0.0	0.0	0.0	0.0	0.6514745308310992	0.0	0.0	0.0	2.4063398396646694	0.0
ERR9963795	1000.0	0.0	0.7711562125795175	0.0	0.0	0.0	0.0	0.0	0.0	0.0	0.25319628979694164	0.0	0.0	0.0	1.9302889687518847	0.0
SRR1010317	1000.0	0.0	0.0	0.0	0.0	0.0	0.0	0.0	0.0	0.0	0.0	0.0	0.0	0.0	0.0	0.0
SRR10873211	1000.0	0.0	0.5104500467912542	0.0	0.0	0.0	0.0	0.0	0.0	0.0	0.0	0.0	0.0	0.0	0.12826359594116976	0.0
SRR10873265	1000.0	0.0	0.0	0.0	0.0	0.0	0.0	0.0	0.0	0.0	0.0	0.0	0.0	0.0	0.28498718327910877	0.0
SRR10873268	1000.0	0.0	0.0	0.0	0.0	0.0	0.0	0.0	0.0	0.0	0.0	0.0	0.0	0.0	0.6019636731487926	0.0
SRR10873274	1000.0	0.0	0.0	0.0	0.0	0.0	0.0	0.0	0.0	0.0	0.0	0.0	0.0	0.0	0.27861185337699224	0.0
SRR10873275	1000.0	0.0	0.0	0.0	0.0	0.0	0.0	0.0	0.0	0.0	0.0	0.0	0.0	0.0	0.05555137922190482	0.0
SRR10968150	1000.0	0.0	1.9845465452493571	0.0	0.0	0.0	0.0	0.0	0.0	0.0	0.0	0.0	0.0	0.0	0.42113716633478276	0.0
SRR10968162	1000.0	0.0	0.98076654403204	0.0	0.0	0.0	0.0	0.0	0.0	0.0	0.0	0.0	0.0	0.0	0.0	0.0
SRR10968218	1000.0	0.0	1.0525838052213743	0.0	0.0	0.0	0.0	0.0	0.0	0.0	0.907195667125172	0.0	0.0	0.0	1.241760302970757	0.0
SRR10968282	1000.0	0.0	2.3203854231952428	0.0	0.0	0.0	0.0	0.0	0.0	0.0	0.0	0.0	0.0	0.0	0.4906463606632987	0.0
SRR10968283	1000.0	0.0	0.5663988052007304	0.0	0.0	0.0	0.0	0.0	0.0	0.0	0.0	0.0	0.0	0.0	0.7986137808550083	0.0
SRR11070432	1000.0	0.0	0.28379358328596904	0.0	0.0	0.0	0.0	0.0	0.0	0.0	0.0	0.0	0.0	0.0	0.8129383027342211	0.0
SRR1157609	1000.0	0.0	0.5644029000553951	0.0	0.0	0.0	0.0	0.0	0.0	0.0	0.3731119842648082	0.0	0.0	0.0	1.049472637373412	0.0
SRR1157614	1000.0	0.0	3.609800721063299	0.0	0.0	0.0	0.0	0.0	0.0	0.0	0.0	0.0	0.0	0.0	3.1220897900889275	0.0
SRR1157615	1000.0	0.0	1.2468340716059294	0.0	0.0	0.0	0.0	0.0	0.0	0.0	0.0	0.0	0.0	0.0	2.4441234905275926	0.0
SRR11668386	1000.0	0.0	0.9816587489700213	0.0	0.0	0.0	0.0	0.0	0.0	0.0	0.0	0.0	0.0	0.0	1.3859840095682516	0.0
SRR11668400	1000.0	0.0	0.3237667577769101	0.0	0.0	0.0	0.0	0.0	0.0	0.0	0.0	0.0	0.0	0.0	0.3579604918890633	0.0
SRR11668419	1000.0	0.0	0.4543861243460085	0.0	0.0	0.0	0.0	0.0	0.0	0.0	0.0	0.0	0.0	0.0	0.6411080551180739	0.0
SRR13557791	1000.0	0.0	0.39557323821283213	0.0	0.0	0.0	0.0	0.0	0.0	0.0	0.0	0.0	0.0	0.0	0.06995325666779885	0.0
SRR13557793	1000.0	0.0	0.5058728265317672	0.0	0.0	0.0	0.0	0.0	0.0	0.0	0.0	0.0	0.0	0.0	0.19067017887772605	0.0
SRR13557795	1000.0	0.0	0.2740805938224495	0.0	0.0	0.0	0.0	0.0	0.0	0.0	0.0	0.0	0.0	0.0	0.20660922314932098	0.0
SRR16235685	1000.0	0.0	0.0	0.0	0.0	0.0	0.0	0.0	0.0	0.0	0.0	0.0	0.0	0.0	0.0	0.0
SRR16235686	1000.0	0.0	0.20312945000083765	0.0	0.0	0.0	0.0	0.0	0.0	0.0	0.0	0.0	0.0	0.0	0.0	0.0
SRR23247659	1000.0	0.0	0.0	0.0	0.0	0.0	0.0	0.0	0.0	0.0	0.0	0.0	0.0	0.0	1.7751165748198385	0.0
SRR23247659	1000.0	0.0	0.0	0.0	0.0	0.0	0.0	0.0	0.0	0.0	0.0	0.0	0.0	0.0	1.7751165748198385	0.0
SRR23247660	1000.0	0.0	0.0	0.0	0.0	0.0	0.0	0.0	0.0	0.0	0.0	0.0	0.0	0.0	0.0	0.0
SRR23247661	1000.0	0.0	2.122818059595324	0.0	0.0	0.0	0.0	0.0	0.0	0.0	0.0	0.0	0.0	0.0	0.8021293557946577	0.0
SRR23247662	1000.0	0.0	0.0	0.0	0.0	0.0	0.0	0.0	0.0	0.0	0.0	0.0	0.0	0.0	0.0	0.0
SRR23247663	1000.0	0.0	0.7878799756972346	0.0	0.0	0.0	0.0	0.0	0.0	0.0	0.0	0.0	0.0	0.0	0.2786577292860955	0.0
SRR23247664	1000.0	0.0	0.0	0.0	0.0	0.0	0.0	0.0	0.0	0.0	0.0	0.0	0.0	0.0	0.0	0.0
SRR23247665	1000.0	0.0	0.7596648692322555	0.0	0.0	0.0	0.0	0.0	0.0	0.0	0.0	0.0	0.0	0.0	0.0	0.0
SRR23247666	1000.0	0.0	1.6244773223245403	0.0	0.0	0.0	0.0	0.0	0.0	0.0	0.0	0.0	0.0	0.0	0.0	0.0
SRR23247667	1000.0	0.0	0.0	0.0	0.0	0.0	0.0	0.0	0.0	0.0	0.0	0.0	0.0	0.0	0.35743245037305726	0.0
SRR23247668	1000.0	0.0	0.0	0.0	0.0	0.0	0.0	0.0	0.0	0.0	0.0	0.0	0.0	0.0	0.0	0.0
SRR23247684	1000.0	0.0	0.0	0.0	0.0	0.0	0.0	0.0	0.0	0.0	0.0	0.0	0.0	0.0	0.31162004880795946	0.0
SRR23247693	1000.0	0.0	0.0	0.0	0.0	0.0	0.0	0.0	0.0	0.0	0.0	0.0	0.0	0.0	0.0	0.0
SRR23247694	1000.0	0.0	0.0	0.0	0.0	0.0	0.0	0.0	0.0	0.0	0.0	0.0	0.0	0.0	0.0	0.0
SRR23247695	1000.0	0.0	0.0	0.0	0.0	0.0	0.0	0.0	0.0	0.0	0.0	0.0	0.0	0.0	0.3451027328944743	0.0
SRR23247697	1000.0	0.0	0.0	0.0	0.0	0.0	0.0	0.0	0.0	0.0	0.0	0.0	0.0	0.0	0.0	0.0
SRR23247698	1000.0	0.0	0.0	0.0	0.0	0.0	0.0	0.0	0.0	0.0	0.0	0.0	0.0	0.0	1.5006758598238077	0.0
SRR23247699	1000.0	0.0	0.0	0.0	0.0	0.0	0.0	0.0	0.0	0.0	0.0	0.0	0.0	0.0	0.0	0.0
SRR23247700	1000.0	0.0	0.0	0.0	0.0	0.0	0.0	0.0	0.0	0.0	0.0	0.0	0.0	0.0	0.0	0.0
SRR23247701	1000.0	0.0	0.6996750009620532	0.0	0.0	0.0	0.0	0.0	0.0	0.0	0.0	0.0	0.0	0.0	0.28129790855004994	0.0
SRR23247702	1000.0	0.0	0.7033719481708092	0.0	0.0	0.0	0.0	0.0	0.0	0.0	0.0	0.0	0.0	0.0	0.0	0.0
SRR23247703	1000.0	0.0	0.565451860659737	0.0	0.0	0.0	0.0	0.0	0.0	0.0	0.0	0.0	0.0	0.0	0.19891788669637175	0.0
SRR23247704	1000.0	0.0	0.6916600794278149	0.0	0.0	0.0	0.0	0.0	0.0	0.0	0.0	0.0	0.0	0.0	0.0	0.0
SRR23247705	1000.0	0.0	0.0	0.0	0.0	0.0	0.0	0.0	0.0	0.0	0.0	0.0	0.0	0.0	0.26311125652665873	0.0
SRR23247706	1000.0	0.0	0.7350354324772579	0.0	0.0	0.0	0.0	0.0	0.0	0.0	0.0	0.0	0.0	0.0	0.0	0.0
SRR23247708	1000.0	0.0	0.0	0.0	0.0	0.0	0.0	0.0	0.0	0.0	0.0	0.0	0.0	0.0	0.0	0.0
SRR23247724	1000.0	0.0	0.0	0.0	0.0	0.0	0.0	0.0	0.0	0.0	0.0	0.0	0.0	0.0	0.5699122279728862	0.0
SRR23247725	1000.0	0.0	3.547050801854023	0.0	0.0	0.0	0.0	0.0	0.0	0.0	0.0	0.0	0.0	0.0	0.0	0.0
SRR23247726	1000.0	0.0	0.6303138659286607	0.0	0.0	0.0	0.0	0.0	0.0	0.0	0.0	0.0	0.0	0.0	0.2217354135499038	0.0
SRR23247727	1000.0	0.0	0.0	0.0	0.0	0.0	0.0	0.0	0.0	0.0	0.0	0.0	0.0	0.0	0.0	0.0
SRR23247728	1000.0	0.0	0.9914673973895347	0.0	0.0	0.0	0.0	0.0	0.0	0.0	0.0	0.0	0.0	0.0	0.34878406658167554	0.0
SRR23247729	1000.0	0.0	0.6624346555529058	0.0	0.0	0.0	0.0	0.0	0.0	0.0	0.0	0.0	0.0	0.0	0.0	0.0
SRR23247731	1000.0	0.0	0.0	0.0	0.0	0.0	0.0	0.0	0.0	0.0	0.0	0.0	0.0	0.0	0.0	0.0
SRR23247732	1000.0	0.0	0.0	0.0	0.0	0.0	0.0	0.0	0.0	0.0	0.0	0.0	0.0	0.0	0.35028192205977743	0.0
SRR23247733	1000.0	0.0	0.0	0.0	0.0	0.0	0.0	0.0	0.0	0.0	0.0	0.0	0.0	0.0	0.36320552155174635	0.0
SRR23247734	1000.0	0.0	0.0	0.0	0.0	0.0	0.0	0.0	0.0	0.0	0.0	0.0	0.0	0.0	1.3127680328879539	0.0
SRR23247735	1000.0	0.0	0.0	0.0	0.0	0.0	0.0	0.0	0.0	0.0	0.0	0.0	0.0	0.0	0.0	0.0
SRR23247736	1000.0	0.0	0.5432465112475393	0.0	0.0	0.0	0.0	0.0	0.0	0.0	0.0	0.0	0.0	0.0	0.0	0.0
SRR23247737	1000.0	0.0	2.3933768136986835	0.0	0.0	0.0	0.0	0.0	0.0	0.0	0.0	0.0	0.0	0.0	0.22324584862625027	0.0
SRR23247738	1000.0	0.0	0.0	0.0	0.0	0.0	0.0	0.0	0.0	0.0	0.0	0.0	0.0	0.0	0.3279794946461613	0.0
SRR23247739	1000.0	0.0	0.6909413432374859	0.0	0.0	0.0	0.0	0.0	0.0	0.0	0.0	0.0	0.0	0.0	0.4874357259491713	0.0
SRR23247753	1000.0	0.0	0.9759227593250175	0.0	0.0	0.0	0.0	0.0	0.0	0.0	0.0	0.0	0.0	0.0	0.0	0.0
SRR23247754	1000.0	0.0	0.0	0.0	0.0	0.0	0.0	0.0	0.0	0.0	0.0	0.0	0.0	0.0	0.4278801406269988	0.0
SRR23247755	1000.0	0.0	0.0	0.0	0.0	0.0	0.0	0.0	0.0	0.0	0.0	0.0	0.0	0.0	0.4310344827586206	0.0
SRR23247756	1000.0	0.0	0.0	0.0	0.0	0.0	0.0	0.0	0.0	0.0	0.0	0.0	0.0	0.0	0.0	0.0
SRR23247757	1000.0	0.0	0.0	0.0	0.0	0.0	0.0	0.0	0.0	0.0	0.0	0.0	0.0	0.0	0.0	0.0
SRR23247758	1000.0	0.0	0.0	0.0	0.0	0.0	0.0	0.0	0.0	0.0	0.0	0.0	0.0	0.0	0.0	0.0
SRR23247759	1000.0	0.0	0.0	0.0	0.0	0.0	0.0	0.0	0.0	0.0	0.0	0.0	0.0	0.0	0.41518631744195655	0.0
SRR23247761	1000.0	0.0	0.0	0.0	0.0	0.0	0.0	0.0	0.0	0.0	0.0	0.0	0.0	0.0	0.614255531298805	0.0
SRR23247762	1000.0	0.0	0.0	0.0	0.0	0.0	0.0	0.0	0.0	0.0	0.0	0.0	0.0	0.0	0.0	0.0
SRR23247763	1000.0	0.0	0.6743339681334842	0.0	0.0	0.0	0.0	0.0	0.0	0.0	0.0	0.0	0.0	0.0	0.47699745681255434	0.0
SRR23247764	1000.0	0.0	0.7593302210814117	0.0	0.0	0.0	0.0	0.0	0.0	0.0	0.0	0.0	0.0	0.0	0.26712152420185376	0.0
SRR23247765	1000.0	0.0	0.0	0.0	0.0	0.0	0.0	0.0	0.0	0.0	0.0	0.0	0.0	0.0	0.18475130756863462	0.0
SRR23247791	1000.0	0.0	0.9405650177689218	0.0	0.0	0.0	0.0	0.0	0.0	0.0	0.0	0.0	0.0	0.0	0.3308773366079956	0.0
SRR23247792	1000.0	0.0	0.0	0.0	0.0	0.0	0.0	0.0	0.0	0.0	0.0	0.0	0.0	0.0	0.0	0.0
SRR5208282	1000.0	0.0	1.20007355943846	0.0	0.0	0.0	0.0	0.0	0.0	0.0	0.0	0.0	0.0	0.0	0.8327302646251208	0.0
SRR5208283	1000.0	0.0	0.2665277491731582	0.0	0.0	0.0	0.0	0.0	0.0	0.0	0.0	0.0	0.0	0.0	1.608840491416098	0.0
SRR5208337	1000.0	0.0	0.2856765509796266	0.0	0.0	0.0	0.0	0.0	0.0	0.0	0.0	0.0	0.0	0.0	0.8768415096324402	0.0
SRR5271154	1000.0	0.0	0.7858571773000659	0.0	0.0	0.0	0.0	0.0	0.0	0.0	0.0	0.0	0.0	0.0	1.109287592585703	0.0
SRR5271155	1000.0	0.0	0.0	0.0	0.0	0.0	0.0	0.0	0.0	0.0	0.0	0.0	0.0	0.0	0.8923577377259947	0.0
SRR5271156	1000.0	0.0	1.4126058907367578	0.0	0.0	0.0	0.0	0.0	0.0	0.0	0.0	0.0	0.0	0.0	1.223180424995432	0.0
SRR5271157	1000.0	0.0	1.8899240395914854	0.0	0.0	0.0	0.0	0.0	0.0	0.0	0.0	0.0	0.0	0.0	1.2365086661874098	0.0
SRR5271163	1000.0	0.0	2.0537531572623164	0.0	0.0	0.0	0.0	0.0	0.0	0.0	0.0	0.0	0.0	0.0	1.1805032293145186	0.0
SRR5271165	1000.0	0.0	0.804082355901741	0.0	0.0	0.0	0.0	0.0	0.0	0.0	0.0	0.0	0.0	0.0	1.093588683121121	0.0
SRR5271166	1000.0	0.0	1.4270919453814441	0.0	0.0	0.0	0.0	0.0	0.0	0.0	0.0	0.0	0.0	0.0	1.594317207508389	0.0
SRR5271167	1000.0	0.0	1.9129330124678843	0.0	0.0	0.0	0.0	0.0	0.0	0.0	0.0	0.0	0.0	0.0	1.0803324757967108	0.0
SRR5271168	1000.0	0.0	0.3822797184443308	0.0	0.0	0.0	0.0	0.0	0.0	0.0	0.0	0.0	0.0	0.0	1.5021190467976688	0.0
SRR5271169	1000.0	0.0	0.29420283227389826	0.0	0.0	0.0	0.0	0.0	0.0	0.0	0.21230021230021232	0.0	0.0	0.0	1.9766052396213971	0.0
SRR5271170	1000.0	0.0	0.7703591888387294	0.0	0.0	0.0	0.0	0.0	0.0	0.0	0.0	0.0	0.0	0.0	1.0869246546856475	0.0
SRR5277367	1000.0	0.0	1.4214329458455264	0.0	0.0	0.0	0.0	0.0	0.0	0.0	0.0	0.0	0.0	0.0	0.8022182567334244	0.0
SRR5440529	1000.0	0.0	0.0	0.0	0.0	0.9317108712988302	0.0	0.0	0.0	0.0	0.0	0.0	0.0	0.0	0.0	0.0
SRR5440530	1000.0	0.0	0.0	0.0	0.0	0.0	0.0	0.0	0.0	0.0	0.0	0.0	0.0	0.0	0.0	0.0
SRR5440531	1000.0	0.0	0.0	0.0	0.0	0.0	0.0	0.0	0.0	0.0	0.0	0.0	0.0	0.0	0.6865340278370762	0.0
SRR5440532	1000.0	0.0	0.0	0.0	0.0	0.0	0.0	0.0	0.0	0.0	0.0	0.0	0.0	0.0	0.0	0.0
SRR5440533	1000.0	0.0	0.0	0.0	0.0	0.0	0.0	0.0	0.0	0.0	0.0	0.0	0.0	0.0	0.2019831068674256	0.0
SRR5440534	1000.0	0.0	0.0	0.0	0.0	0.0	0.0	0.0	0.0	0.0	0.0	0.0	0.0	0.0	0.8827967806841045	0.0
SRR5440535	1000.0	0.0	0.0	0.0	0.0	0.0	0.0	0.0	0.0	0.0	0.0	0.0	0.0	0.0	1.4108352144469525	0.0
SRR6307339	1000.0	0.0	0.0	0.0	0.0	0.0	0.0	0.0	0.0	0.0	0.0	0.0	0.0	0.0	0.0	0.0
SRR6490520	1000.0	0.0	2.36620553488463	0.0	0.0	0.0	0.0	0.0	0.0	0.0	0.0	0.0	0.0	0.0	0.5849197574112185	0.0
SRR6490523	1000.0	0.0	0.6608775550166442	0.0	0.0	0.0	0.0	0.0	0.0	0.0	0.0	0.0	0.0	0.0	0.0	0.0
SRR6491179	1000.0	0.0	0.42656656571257945	0.0	0.0	0.0	0.0	0.0	0.0	0.0	0.0	0.0	0.0	0.0	0.17149717029669012	0.0
SRR6505091	1000.0	0.0	0.7316999450910194	0.0	0.0	0.0	0.0	0.0	0.0	0.0	0.0	0.0	0.0	0.0	1.1204902153507723	0.0
SRR6960541	1000.0	0.0	0.0	0.0	0.0	0.0	0.0	0.0	0.0	0.0	0.0	0.0	0.0	0.0	0.0	0.0
SRR6960542	1000.0	0.0	0.0	0.0	0.0	0.0	0.0	0.0	0.0	0.0	0.0	0.0	0.0	0.0	0.0	0.0
SRR6960543	1000.0	0.0	0.0	0.0	0.0	0.0	0.0	0.0	0.0	0.0	0.0	0.0	0.0	0.0	0.0	0.0
SRR6960544	1000.0	0.0	0.0	0.0	0.0	0.0	0.0	0.0	0.0	0.0	0.0	0.0	0.0	0.0	0.0	0.0
SRR6960545	1000.0	0.0	0.0	0.0	0.0	0.0	0.0	0.0	0.0	0.0	0.0	0.0	0.0	0.0	0.0	0.0
SRR6960546	1000.0	0.0	0.20172720680334894	0.0	0.0	0.0	0.0	0.0	0.0	0.0	0.0	0.0	0.0	0.0	0.284750835212492	0.0
SRR6960547	1000.0	0.0	0.0	0.0	0.0	0.0	0.0	0.0	0.0	0.0	0.0	0.0	0.0	0.0	0.0	0.0
SRR6960548	1000.0	0.0	0.0	0.0	0.0	0.0	0.0	0.0	0.0	0.0	0.0	0.0	0.0	0.0	0.0	0.0
SRR6996009	1000.0	0.0	0.0	0.0	0.0	0.0	0.0	0.0	0.0	0.0	0.0	0.0	0.0	0.0	0.0	0.0
SRR6996010	1000.0	0.0	0.0	0.0	0.0	0.0	0.0	0.0	0.0	0.0	0.0	0.0	0.0	0.0	68.22628646482124	0.0
SRR6996011	1000.0	0.0	0.0	0.0	0.0	0.0	0.0	0.0	0.0	0.0	0.0	0.0	0.0	0.0	107.14285714285712	0.0
SRR9711195	1000.0	0.0	0.04975390474863706	0.0	0.0	0.0	0.0	0.0	0.0	0.0	0.0	0.0	0.0	0.0	0.22266007315190084	0.0
SRR9711196	1000.0	0.0	0.0	0.0	0.0	0.03699839426968869	0.0	0.0	0.0	0.0	0.0	0.0	0.0	0.0	0.4000366655402144	0.0
