	reference	I	II	III	IV	V	VI	VII	VIII	IX	X	XI	XII	XIII	MHET_I	MHET_II
SRR17041402	1000.0	0.0	0.0	0.0	0.0	0.0	0.0	0.0	0.0	0.0	0.0	0.0	0.0	0.0	0.0	0.0
SRR5626780	1000.0	0.0	13.995649021029733	0.0	0.0	0.0	0.0	0.0	0.0	0.0	0.0	0.0	0.0	0.0	0.0	0.0
ERR3597767	1000.0	0.0	0.0	0.0	0.0	0.0	0.0	0.0	0.0	0.0	0.0	0.0	0.0	0.0	12.675070028011204	0.0
SRR7904192	1000.0	0.0	0.0	0.0	0.0	0.0	0.0	0.0	0.0	0.0	0.0	0.0	0.0	0.0	0.2670999008701399	0.0
SRR7778157	1000.0	0.0	8.570989078603292	0.0	0.0	0.0	0.0	0.0	0.0	0.0	1.7229437229437232	0.0	0.0	0.0	2.153679653679654	0.0
SRR7976144	1000.0	0.0	0.0	0.0	0.0	0.0	0.0	0.0	0.0	0.0	0.0	0.0	0.0	0.0	2.596340379224378	0.0
SRR17041390	1000.0	0.0	0.7755031760926119	0.0	0.0	0.475931855732849	0.0	0.0	0.0	0.0	10.303300512497094	0.0	0.0	0.0	0.9582650369165753	0.0
SRR5626791	1000.0	8.36643495531281	16.13830092902979	0.0	0.0	0.0	0.0	0.0	0.0	0.0	0.0	0.0	0.0	0.0	0.0	0.0
SRR21373926	1000.0	0.0	1.054359286513984	0.0	0.0	0.0	0.0	0.0	0.0	0.0	2.3377278316442256	0.0	0.0	0.0	0.6490899357601714	0.0
SRR9312625	1000.0	0.0	0.0	0.0	0.0	0.0	0.0	0.0	0.0	0.0	7.6885286421710255	0.0	0.0	0.0	0.2651222651222651	0.0
SRR8127602	1000.0	0.0	0.0	0.0	0.0	0.0	0.0	0.0	0.0	0.0	0.0	0.0	0.0	0.0	0.0	0.0
SRR7976242	1000.0	0.0	0.0	0.0	0.0	0.0	0.0	0.0	0.0	0.0	0.0	0.0	0.0	0.0	3.894080996884735	0.0
SRR7142031	1000.0	0.0	0.0	0.0	0.0	0.0	0.0	0.0	0.0	0.0	0.0	0.0	0.0	0.0	4.879482657260435	0.0
SRR10586128	1000.0	0.0	0.0	0.0	0.0	0.0	0.0	0.0	0.0	0.0	0.0	0.0	0.0	0.0	0.0	0.0
SRR14301321	1000.0	0.0	0.0	0.0	0.0	0.0	0.0	0.0	0.0	0.0	19.754512681169327	0.0	0.0	0.0	4.814723637208533	0.0
SRR5626797	1000.0	0.0	0.0	0.0	0.0	0.0	0.0	0.0	0.0	0.0	0.0	0.0	0.0	0.0	6.704851752021565	0.0
SRR17041392	1000.0	0.0	0.0	0.0	0.0	0.0	0.0	0.0	0.0	0.0	27.63748482672804	0.0	0.0	0.0	0.0	0.0
SRR8127636	1000.0	0.0	0.0	0.0	0.0	0.0	0.0	0.0	0.0	0.0	10.47650819265144	0.0	0.0	0.0	6.797506738544475	0.0
SRR17191902	1000.0	0.0	0.0	0.0	0.0	0.0	0.0	0.0	0.0	0.0	15.165547708196604	0.0	0.0	0.0	0.7519714590931936	0.0
ERR3597763	1000.0	0.0	0.0	0.0	0.0	0.0	0.0	0.0	0.0	0.0	0.0	0.0	0.0	0.0	0.0	0.0
SRR6206760	1000.0	0.0	0.0	0.0	0.0	0.0	0.0	0.0	0.0	0.0	0.0	0.0	0.0	0.0	0.0	0.0
SRR8127595	1000.0	4.920440636474909	0.0	0.0	0.0	0.0	0.0	0.0	0.0	0.0	7.011627906976745	0.0	0.0	0.0	0.0	0.0
ERR3597776	1000.0	0.0	0.0	0.0	0.0	0.0	0.0	0.0	0.0	0.0	0.0	0.0	0.0	0.0	0.0	0.0
SRR13882935	1000.0	0.0	0.0	0.0	0.0	0.0	0.0	0.0	0.0	0.0	0.0	0.0	0.0	0.0	0.0	0.0
ERR3609911	1000.0	0.0	0.0	0.0	0.0	0.0	0.0	0.0	0.0	0.0	0.0	0.0	0.0	0.0	0.0	0.0
ERR3609901	1000.0	0.0	0.0	0.0	0.0	0.0	0.0	0.0	0.0	0.0	0.0	0.0	0.0	0.0	0.0	0.0
SRR17191901	1000.0	0.0	0.0	0.0	0.0	0.0	0.0	0.0	0.0	0.0	3.7483889097802834	0.0	0.0	0.0	1.3027579699372431	0.0
ERR3609894	1000.0	0.0	0.0	0.0	0.0	0.0	0.0	0.0	0.0	0.0	0.0	0.0	0.0	0.0	0.0	0.0
SRR16797976	1000.0	0.0	0.0	0.0	0.0	0.1424636289453634	0.0	0.0	0.0	0.0	10.98109956236404	0.0	0.0	0.0	0.68829557872353	0.0
SRR5626790	1000.0	0.0	0.0	0.0	0.0	0.0	0.0	0.0	0.0	0.0	0.0	0.0	0.0	0.0	0.0	0.0
SRR17191898	1000.0	0.0	0.1944509531499596	0.0	0.0	0.0	0.0	0.0	0.0	0.0	22.228744018321482	0.0	0.0	0.11970886803294388	1.720634379399365	0.0
SRR6201975	1000.0	0.0	0.0	0.0	0.0	2.6930395078368803	0.0	0.0	0.0	0.0	30.832468756287188	0.0	0.0	0.0	0.8387408348632628	0.0
SRR9312612	1000.0	0.0	0.0	0.0	0.0	0.0	0.0	0.0	0.0	0.0	2.5936796123131525	0.0	0.0	0.0	0.0	0.0
ERR3609902	1000.0	0.0	0.0	0.0	0.0	0.0	0.0	0.0	0.0	0.0	0.0	0.0	0.0	0.0	0.0	0.0
SRR17938970	1000.0	0.0	6.070035285836309	0.0	0.0	0.0	0.0	0.0	0.0	0.0	3.617961403598165	0.0	0.0	0.09342163682107445	3.4194379671734225	0.0
SRR24044302	1000.0	0.0	0.0	0.0	0.0	0.8978884520525525	0.0	0.0	0.0	0.0	6.235604736751316	0.0	0.0	0.0	0.2807359023787689	0.0
ERR3597766	1000.0	0.0	0.0	0.0	0.0	0.0	0.0	0.0	0.0	0.0	0.0	0.0	0.0	0.0	11.224489795918366	0.0
SRR9312634	1000.0	0.0	0.0	0.0	0.0	0.0	0.0	0.0	0.0	0.0	2.97734785144857	0.0	0.0	0.0	0.0	0.0
SRR8127642	1000.0	2.5312036309679673	9.765049540790125	0.0	0.0	0.0	0.0	0.0	0.0	0.0	2.4046434494195688	0.0	0.0	0.0	3.4352049277422405	0.0
SRR18469381	1000.0	0.0	0.0	0.0	0.0	0.0	0.0	0.0	0.0	0.0	21.704678362573098	0.0	0.0	0.0	0.0	0.0
SRR24044317	1000.0	0.0	0.0	0.0	0.0	0.0	0.0	0.0	0.0	0.0	34.85548868832058	0.0	0.0	0.0	0.14525810110743312	0.0
SRR23962325	1000.0	0.0	0.0	0.0	0.0	0.0	0.0	0.0	0.0	0.0	0.0	0.0	0.0	0.0	6.892466288841118	0.0
ERR3597779	1000.0	0.0	0.0	0.0	0.0	0.0	0.0	0.0	0.0	0.0	0.0	0.0	0.0	0.0	0.0	0.0
ERR3597765	1000.0	0.0	0.0	0.0	0.0	0.0	0.0	0.0	0.0	0.0	0.0	0.0	0.0	0.0	13.809523809523807	0.0
SRR8127596	1000.0	0.0	0.0	0.0	0.0	0.0	0.0	0.0	0.0	0.0	0.0	0.0	0.0	0.0	0.0	0.0
SRR17041395	1000.0	0.0	0.0	0.0	0.0	0.0	0.0	0.0	0.0	0.0	32.64778217631147	0.0	0.0	0.0	0.2225439725439725	0.0
SRR8127631	1000.0	0.0	0.0	0.0	0.0	0.0	0.0	0.0	0.0	0.0	20.93440594059406	0.0	0.0	0.0	0.0	0.0
SRR17191904	1000.0	0.0	0.0	0.0	0.0	0.0	0.0	0.0	0.0	0.0	3.7734473581120462	0.0	0.0	0.0	2.296740491625105	0.0
SRR24044292	1000.0	0.0	0.2116729045202184	0.0	0.0	0.0	0.0	0.0	0.0	0.0	25.061754512596256	0.0	0.0	0.0	0.0	0.0
SRR8127637	1000.0	5.211304122374903	5.0261308794478765	0.0	0.0	0.0	0.0	0.0	0.0	0.0	8.044950738916256	0.0	0.0	3.0942118226600988	1.7681210415200563	0.0
SRR8127620	1000.0	3.015037593984963	5.815808556925309	0.0	0.0	0.0	0.0	0.0	0.0	0.0	6.444642857142858	0.0	0.0	0.0	2.0459183673469385	0.0
SRR9312617	1000.0	0.0	0.0	0.0	0.0	0.0	0.0	0.0	0.0	0.0	4.588877398764065	0.0	0.0	0.0	0.0	0.0
SRR8127611	1000.0	0.0	0.0	0.0	0.0	0.0	0.0	0.0	0.0	0.0	10.815217391304348	0.0	0.0	0.0	1.7167011732229123	0.0
SRR17041391	1000.0	0.0	0.0	0.0	0.0	0.0	0.0	0.0	0.0	0.0	24.29395740049733	0.0	0.0	0.0	0.09842057918216067	0.0
SRR8127622	1000.0	2.75623268698061	5.3165909698103135	0.0	0.0	0.0	0.0	0.0	0.0	0.0	14.057764091078763	0.0	0.0	0.0	0.0	0.0
ERR3597791	1000.0	0.0	0.0	0.0	0.0	0.0	0.0	0.0	0.0	0.0	0.0	0.0	0.0	0.0	0.0	0.0
SRR17938980	1000.0	0.0	7.6698538790114785	0.0	0.0	0.0	0.0	0.0	0.0	0.0	1.3827993254637436	0.0	0.0	0.3372681281618887	2.420088270267349	0.0
SRR8127618	1000.0	0.0	5.0240791357542625	0.0	0.0	0.0	0.0	0.0	0.0	0.0	6.0997933690241375	0.0	0.0	0.0	1.7673992673992673	0.0
SRR24044314	1000.0	0.0	0.0	0.0	0.0	0.0	0.0	0.0	0.0	0.0	25.06170468773507	0.0	0.0	0.0	0.07814384031758399	0.0
SRR7976232	1000.0	0.0	0.0	0.0	0.0	0.0	0.0	0.0	0.0	0.0	0.0	0.0	0.0	0.0	1.747437092264678	0.0
SRR6958906	1000.0	0.0	0.0	0.0	0.0	0.0	0.0	0.0	0.0	0.0	0.0	0.0	0.0	0.0	2.4699114694570636	0.0
SRR21373923	1000.0	0.0	0.0	0.0	0.0	0.0	0.0	0.0	0.0	0.0	65.39924330616435	0.0	0.0	0.0	0.1295188482124968	0.0
SRR24044296	1000.0	0.0	0.0	0.0	0.0	0.3054308325616504	0.0	0.0	0.0	0.0	23.342716049613752	0.0	0.0	0.0	0.19048816256500328	0.0
ERR3609931	1000.0	0.0	0.0	0.0	0.0	0.0	0.0	0.0	0.0	0.0	0.0	0.0	0.0	0.0	0.0	0.0
SRR13882929	1000.0	0.0	0.0	0.0	0.0	0.0	0.0	0.0	0.0	0.0	0.0	0.0	0.0	0.0	0.0	0.0
SRR8127615	1000.0	0.0	0.0	0.0	0.0	0.0	0.0	0.0	0.0	0.0	12.343023255813954	0.0	0.0	0.0	3.2059800664451825	0.0
SRR24044291	1000.0	0.0	0.0	0.0	0.0	0.0	0.0	0.0	0.0	0.0	3.930849874269778	0.0	0.0	0.0	0.14679114555809994	0.0
SRR24044316	1000.0	0.0	0.0	0.0	0.0	0.0	0.0	0.0	0.0	0.0	28.88810308341717	0.0	0.0	0.0	0.6381534150941919	0.0
SRR8127639	1000.0	0.0	4.976887956214729	0.0	0.0	0.0	0.0	0.0	0.0	0.0	5.5150139664804465	0.0	0.0	0.0	5.511938058073293	0.0
ERR3609909	1000.0	0.0	0.0	0.0	0.0	0.0	0.0	0.0	0.0	0.0	0.0	0.0	0.0	0.0	0.0	0.0
SRR8127600	1000.0	0.0	5.04730041532072	0.0	0.0	0.0	0.0	0.0	0.0	0.0	9.943181818181818	0.0	0.0	0.0	3.551136363636363	0.0
SRR6713627	1000.0	0.0	0.0	0.0	0.0	0.0	0.0	0.0	0.0	0.0	113.76522924151976	0.0	0.0	0.0	0.1421707112634964	0.0
ERR3609921	1000.0	0.0	0.0	0.0	0.0	0.0	0.0	0.0	0.0	0.0	0.0	0.0	0.0	0.0	0.0	0.0
SRR5626793	1000.0	0.0	12.016180203045685	0.0	0.0	0.0	0.0	0.0	0.0	0.0	0.0	0.0	0.0	0.0	4.249887791741472	0.0
SRR9312615	1000.0	0.0	0.0	0.0	0.0	0.0	0.0	0.0	0.0	0.0	17.690683365310345	0.0	0.0	0.0	0.54165144318597	0.0
SRR6826353	1000.0	0.0	0.16416579898025063	0.0	0.0	0.0	0.0	0.0	0.0	0.0	0.0	0.0	0.0	0.0	0.0	0.0
SRR24044327	1000.0	0.0	0.0	0.0	0.0	0.0	0.0	0.0	0.0	0.0	27.512636045427254	0.0	0.0	0.0	0.0	0.0
SRR8127592	1000.0	7.14995034756703	0.0	0.0	0.0	0.0	0.0	0.0	0.0	0.0	25.021302495435176	0.0	0.0	0.0	0.0	0.0
SRR17191900	1000.0	0.0	0.17977438766043058	0.0	0.0	0.0	0.0	0.0	0.0	0.0	6.558496060837632	0.0	0.0	0.0	2.0921809262253426	0.0
SRR17938981	1000.0	0.0	1.27912766026496	0.0	0.0	0.0	0.0	0.0	0.0	0.0	104.67745093970166	0.0	0.0	0.0	0.9562050299614622	0.0
SRR5626794	1000.0	0.0	0.0	0.0	0.0	0.0	0.0	0.0	0.0	0.0	0.0	0.0	0.0	0.0	6.684747316551432	0.0
SRR17191907	1000.0	0.0	2.1832674239440735	0.0	0.0	0.0	0.0	0.0	0.0	0.0	10.310720378145835	0.0	0.0	0.0	1.7379267257155209	0.0
SRR16797981	1000.0	0.0	0.8689160943565242	0.0	0.0	0.0	0.0	0.0	0.0	0.0	3.11876559134292	0.0	0.0	0.0	0.3495749287147534	0.0
SRR3499629	1000.0	0.0	0.0	0.0	0.0	0.0	0.0	0.0	0.0	0.0	0.0	0.0	0.0	0.0	0.0	0.0
SRR17041387	1000.0	0.0	0.0	0.0	0.0	1.4238962837093676	0.0	0.0	0.0	0.0	3.249183778009348	0.0	0.0	0.0	1.1464824729406584	0.0
SRR8127597	1000.0	4.897660818713451	0.0	0.0	0.0	0.0	0.0	0.0	0.0	0.0	4.652777777777779	0.0	0.0	0.0	0.0	0.0
SRR8127644	1000.0	0.0	0.0	0.0	0.0	0.0	0.0	0.0	0.0	0.0	12.090455840455839	0.0	0.0	0.0	0.0	0.0
ERR3609895	1000.0	0.0	0.0	0.0	0.0	0.0	0.0	0.0	0.0	0.0	0.0	0.0	0.0	0.0	0.0	0.0
SRR8127608	1000.0	0.0	15.324808841483003	0.0	0.0	0.0	0.0	0.0	0.0	0.0	7.5474683544303796	0.0	0.0	0.0	0.0	0.0
SRR24044326	1000.0	0.0	0.0	0.0	0.0	0.0	0.0	0.0	0.0	0.0	28.073304620398034	0.0	0.0	0.0	0.07265851373946233	0.0
SRR7778148	1000.0	0.0	0.0	0.0	0.0	0.0	0.0	0.0	0.0	0.0	0.0	0.0	0.0	0.0	0.0	0.0
SRR5626795	1000.0	0.0	9.19193304980107	0.0	0.0	0.0	0.0	0.0	0.0	0.0	0.0	0.0	0.0	0.0	0.0	0.0
SRR6713625	1000.0	0.0	0.0	0.0	0.0	0.0	0.0	0.0	0.0	0.0	99.96211501869804	0.0	0.0	0.0	0.13204893733617679	0.0
ERR3609910	1000.0	0.0	0.0	0.0	0.0	0.0	0.0	0.0	0.0	0.0	0.0	0.0	0.0	0.0	0.0	0.0
SRR6713628	1000.0	0.0	0.0	0.0	0.0	0.0	0.0	0.0	0.0	0.0	37.382926811514345	0.0	0.0	0.0	0.0	0.0
SRR16798009	1000.0	0.0498055930855528	1.3450038335793952	0.0	0.0	0.0	0.0	0.0	0.0	0.0	12.995401890378055	0.0	0.0	0.0	4.395794477968587	0.0
ERR3597753	1000.0	0.0	0.0	0.0	0.0	0.0	0.0	0.0	0.0	0.0	0.0	0.0	0.0	0.0	0.0	0.0
SRR6713633	1000.0	0.0	0.2972098478336096	0.0	0.0	0.0	0.0	0.0	0.0	0.0	2.7200856867033805	0.0	0.0	0.0	0.10455417861289479	0.0
SRR24044310	1000.0	0.0	0.0	0.0	0.0	0.0	0.0	0.0	0.0	0.0	96.04268883520442	0.0	0.0	0.0	0.0	0.0
SRR17938968	1000.0	0.0	10.731204507105893	0.0	0.0	0.0	0.0	0.0	0.0	0.0	2.0750121488829443	0.0	0.0	0.0	3.085559900705612	0.0
SRR8127614	1000.0	0.0	16.12093490266079	0.0	0.0	0.0	0.0	0.0	0.0	0.0	0.0	0.0	0.0	0.0	5.671114599686027	0.0
SRR24044300	1000.0	0.0	0.0	0.0	0.0	1.1746524084434231	0.0	0.0	0.0	0.0	7.694679394681244	0.0	0.0	0.0	0.1993360239548012	0.0
SRR7778152	1000.0	0.0	0.0	0.0	0.0	0.0	0.0	0.0	0.0	0.0	0.0	0.0	0.0	0.0	0.5184570717544587	0.0
ERR3609919	1000.0	0.0	0.0	0.0	0.0	0.0	0.0	0.0	0.0	0.0	0.0	0.0	0.0	0.0	0.0	0.0
SRR14301308	1000.0	0.0	4.056277959344506	0.0	0.0	0.0	0.0	0.0	0.0	0.0	23.097221680843788	0.0	0.0	0.0	2.8538812785388123	0.0
SRR7976138	1000.0	0.0	0.8339059396426867	0.0	0.0	0.0	0.0	0.0	0.0	0.0	3.3667014100288	0.0	0.0	0.0	2.641559260979174	0.0
SRR9312616	1000.0	0.0	0.0	0.0	0.0	0.0	0.0	0.0	0.0	0.0	4.301451441109628	0.0	0.0	0.0	0.0	0.0
SRR24044321	1000.0	0.0	0.0	0.0	0.0	0.0	0.0	0.0	0.0	0.0	11.460456669779427	0.0	0.0	0.0	0.0	0.0
SRR24044313	1000.0	0.0	0.0	0.0	0.0	0.0	0.0	0.0	0.0	0.0	17.637200074169513	0.0	0.0	0.0	0.07013819513819514	0.0
ERR2234939	1000.0	0.0	0.0	0.0	0.0	0.0	0.0	0.0	0.0	0.0	8.503798947983636	0.0	0.0	0.0	0.0	0.0
SRR2086153	1000.0	0.0	0.0	0.0	0.0	0.0	0.0	0.0	0.0	0.0	0.0	0.0	0.0	0.0	0.0	0.0
SRR17938977	1000.0	0.0	4.4894691361532635	0.0	0.0	0.0	0.0	0.0	0.0	0.0	3.3967495943706854	0.0	0.0	0.16257820217319724	2.984493395013793	0.0
ERR3597788	1000.0	0.0	0.0	0.0	0.0	0.0	0.0	0.0	0.0	0.0	0.0	0.0	0.0	0.0	180.35714285714286	0.0
SRR5626801	1000.0	0.0	0.0	0.0	0.0	0.0	0.0	0.0	0.0	0.0	0.0	0.0	0.0	0.0	0.0	0.0
SRR7142640	1000.0	0.0	0.0	0.0	0.0	0.0	0.0	0.0	0.0	0.0	0.0	0.0	0.0	0.0	3.285777413042106	0.0
ERR3609904	1000.0	0.0	0.0	0.0	0.0	0.0	0.0	0.0	0.0	0.0	0.0	0.0	0.0	0.0	13.873626373626372	0.0
SRR16797980	1000.0	0.0	0.0	0.0	0.0	0.0	0.0	0.0	0.0	0.0	12.342374431129034	0.0	0.0	0.0	0.43631279529457134	0.0
SRR17041405	1000.0	0.0	0.0	0.0	0.0	0.0	0.0	0.0	0.0	0.0	0.0	0.0	0.0	0.0	0.0	0.0
SRR13882928	1000.0	0.0	0.0	0.0	0.0	0.0	0.0	0.0	0.0	0.0	0.0	0.0	0.0	0.0	0.0	0.0
SRR24044329	1000.0	0.0	0.0	0.0	0.0	0.0	0.0	0.0	0.0	0.0	9.029603248556858	0.0	0.0	0.0	0.0	0.0
SRR6959024	1000.0	0.0	0.0	0.0	0.0	0.0	0.0	0.0	0.0	0.0	0.0	0.0	0.0	0.0	1.930960245369824	0.0
SRR17938982	1000.0	0.09025109462961307	0.17408840588453287	0.0	0.0	0.0	0.0	0.0	0.0	0.0	11.015787763030604	0.0	0.0	0.10717317487266553	0.9798690274072277	0.0
SRR17041389	1000.0	0.0	0.0	0.0	0.0	1.0427088894970857	0.0	0.0	0.0	0.0	6.343964812489534	0.0	0.0	0.0	1.1197973000263353	0.0
SRR5626798	1000.0	0.0	41.032148900169204	0.0	0.0	0.0	0.0	0.0	0.0	0.0	0.0	0.0	0.0	0.0	0.0	0.0
SRR7142032	1000.0	0.0	0.0	0.0	0.0	0.0	0.0	0.0	0.0	0.0	0.0	0.0	0.0	0.0	4.547001126337526	0.0
SRR24044298	1000.0	0.0	0.0	0.0	0.0	0.0	0.0	0.0	0.0	0.0	10.949789225228194	0.0	0.0	0.0	0.0	0.0
ERR3609903	1000.0	0.0	0.0	0.0	0.0	0.0	0.0	0.0	0.0	0.0	0.0	0.0	0.0	0.0	0.0	0.0
ERR3609923	1000.0	0.0	0.0	0.0	0.0	0.0	0.0	0.0	0.0	0.0	0.0	0.0	0.0	0.0	0.0	0.0
SRR5626781	1000.0	0.0	0.0	0.0	0.0	0.0	0.0	0.0	0.0	0.0	0.0	0.0	0.0	0.0	4.2729591836734695	0.0
SRR24044307	1000.0	0.0	0.0	0.0	0.0	0.0	0.0	0.0	0.0	0.0	11.218339751830023	0.0	0.0	0.0	0.23830896811148156	0.0
ERR3609907	1000.0	0.0	0.0	0.0	0.0	0.0	0.0	0.0	0.0	0.0	0.0	0.0	0.0	0.0	12.675070028011204	0.0
SRR6713634	1000.0	0.0	0.0	0.0	0.0	0.0	0.0	0.0	0.0	0.0	1.9541392245604867	0.0	0.0	0.0	0.4522328999434709	0.0
SRR16797979	1000.0	0.0	1.8113548365515684	0.0	0.0	0.0	0.0	0.0	0.0	0.0	11.352973974013084	0.0	0.0	0.0	3.504648152506472	0.0
SRR17041396																
SRR17938974	1000.0	0.0	1.6757553117952229	0.0	0.0	0.0	0.0	0.0	0.0	0.0	12.01551809242564	0.0	0.0	0.1031636863823934	2.0635912357875417	0.0
SRR8127613	1000.0	0.0	8.253889645495441	0.0	0.0	0.0	0.0	0.0	0.0	0.0	5.08130081300813	0.0	0.0	0.0	0.0	0.0
ERR3597773	1000.0	0.0	0.0	0.0	0.0	0.0	0.0	0.0	0.0	0.0	0.0	0.0	0.0	0.0	0.0	0.0
ERR3609899	1000.0	0.0	0.0	0.0	0.0	0.0	0.0	0.0	0.0	0.0	0.0	0.0	0.0	0.0	0.0	0.0
SRR14301316	1000.0	0.0	5.479130679915467	0.0	0.0	0.0	0.0	0.0	0.0	0.0	16.54093877134238	0.0	0.0	0.0	10.366692836843681	0.0
SRR9312619	1000.0	0.0	0.0	0.0	0.0	0.0	0.0	0.0	0.0	0.0	11.262626262626265	0.0	0.0	0.0	0.0	0.0
SRR13001972	1000.0	0.0	0.026261214471802168	0.0	0.0	0.0	0.0	0.0	0.0	0.0	14.536139177431556	0.0	0.0	0.0	0.6099770236810951	0.0
SRR7976146	1000.0	0.0	0.0	0.0	0.0	0.0	0.0	0.0	0.0	0.0	0.20366006226179043	0.0	0.0	0.0	18.553067993366497	0.0
SRR23962323	1000.0	0.0	0.0	0.0	0.0	0.0	0.0	0.0	0.0	0.0	0.0	0.0	0.0	0.0	0.0	0.0
SRR6958719	1000.0	0.0	0.0	0.0	0.0	0.0	0.0	0.0	0.0	0.0	0.6589847868654919	0.0	0.0	0.0	14.969129292308141	0.0
SRR2086436	1000.0	0.0	0.0	0.0	0.0	0.0	0.0	0.0	0.0	0.0	38.87893562030075	0.0	0.0	0.0	0.0	0.0
SRR7778163	1000.0	0.0	0.0	0.0	0.0	0.0	0.0	0.0	0.0	0.0	0.0	0.0	0.0	0.0	0.0	0.0
SRR17938979	1000.0	0.0	8.259084401216379	0.0	0.0	0.0	0.0	0.0	0.0	0.0	3.684734679516893	0.0	0.0	0.18158924408924407	1.9817413254541654	0.0
ERR3609928	1000.0	0.0	0.0	0.0	0.0	0.0	0.0	0.0	0.0	0.0	0.0	0.0	0.0	0.0	180.35714285714286	0.0
SRR7778147	1000.0	0.0	0.0	0.0	0.0	0.0	0.0	0.0	0.0	0.0	0.0	0.0	0.0	0.0	0.0	0.0
SRR8127643	1000.0	5.17445298639858	4.990589174699138	0.0	0.0	0.0	0.0	0.0	0.0	0.0	0.0	0.0	0.0	0.0	0.0	0.0
ERR3597777	1000.0	0.0	0.0	0.0	0.0	0.0	0.0	0.0	0.0	0.0	0.0	0.0	0.0	0.0	0.0	0.0
SRR10586137	1000.0	0.0	0.0	0.0	0.0	0.0	0.0	0.0	0.0	0.0	0.8132239382239382	0.0	0.0	0.0	2.323496966354109	0.0
SRR7976239	1000.0	0.0	0.0	0.0	0.0	0.0	0.0	0.0	0.0	0.0	0.0	0.0	0.0	0.0	2.459416681857593	0.0
SRR17938975	1000.0	0.0	3.347826632797821	0.0	0.0	0.0	0.0	0.0	0.0	0.0	4.344722096777217	0.0	0.0	0.0	2.019578746822103	0.0
SRR8127624	1000.0	4.048582995951417	0.0	0.0	0.0	0.0	0.0	0.0	0.0	0.0	7.6923076923076925	0.0	0.0	0.0	5.494505494505494	0.0
SRR24044312	1000.0	0.0	0.0	0.0	0.0	0.0	0.0	0.0	0.0	0.0	86.57450939821159	0.0	0.0	0.0	0.4732424003657474	0.0
SRR7976141	1000.0	0.0	0.0	0.0	0.0	0.0	0.0	0.0	0.0	0.0	0.0	0.0	0.0	0.0	7.880398671096343	0.0
SRR9312633	1000.0	0.0	4.473333206043364	0.0	0.0	0.0	0.0	0.0	0.0	0.0	3.0851914848917024	0.0	0.0	0.0	1.9670683964074613	0.0
SRR8127638	1000.0	0.0	0.0	0.0	0.0	0.0	0.0	0.0	0.0	0.0	12.688475149090303	0.0	0.0	0.0	5.135773317591499	0.0
SRR9312620	1000.0	0.0	0.0	0.0	0.0	0.0	0.0	0.0	0.0	0.0	0.0	0.0	0.0	0.0	0.0	0.0
SRR24044304	1000.0	0.0	0.0	0.0	0.0	0.0	0.0	0.0	0.0	0.0	5.880305702521758	0.0	0.0	0.0	0.5237584400832964	0.0
SRR8127621	1000.0	0.0	7.329392255402103	0.0	0.0	0.0	0.0	0.0	0.0	0.0	12.376202351264693	0.0	0.0	0.0	2.578375489846811	0.0
SRR23962324	1000.0	0.0	0.0	0.0	0.0	0.0	0.0	0.0	0.0	0.0	0.0	0.0	0.0	0.0	6.265137634000969	0.0
SRR7778150	1000.0	0.0	0.0	0.0	0.0	0.0	0.0	0.0	0.0	0.0	0.0	0.0	0.0	0.0	0.686022610483042	0.0
SRR6713626	1000.0	0.0	0.0	0.0	0.0	0.0	0.0	0.0	0.0	0.0	108.06669034763395	0.0	0.0	0.0	0.0	0.0
ERR3609920	1000.0	0.0	0.0	0.0	0.0	0.0	0.0	0.0	0.0	0.0	0.0	0.0	0.0	0.0	0.0	0.0
SRR5690554	1000.0	0.0	0.0	0.0	0.0	0.32186643910709417	0.0	0.0	0.0	0.0	28.507848451767767	0.0	0.0	0.0	0.04612461024704341	0.0
ERR3609915	1000.0	0.0	0.0	0.0	0.0	0.0	0.0	0.0	0.0	0.0	0.0	0.0	0.0	0.0	0.0	0.0
SRR7778151	1000.0	0.0	0.0	0.0	0.0	0.0	0.0	0.0	0.0	0.0	2.874930797696171	0.0	0.0	0.0	0.7649369443870168	0.0
ERR3609929	1000.0	0.0	0.0	0.0	0.0	0.0	0.0	0.0	0.0	0.0	0.0	0.0	0.0	0.0	0.0	0.0
SRR24044299	1000.0	0.0	0.0	0.0	0.0	0.4141376572470133	0.0	0.0	0.0	0.0	21.63242356715981	0.0	0.0	0.0	0.1780422160396758	0.0
SRR14301320	1000.0	0.0	2.096745720945481	0.0	0.0	0.0	0.0	0.0	0.0	0.0	20.928161895737	0.0	0.0	1.2908090844570617	13.4876377804493	0.0
SRR5626783	1000.0	0.0	0.0	0.0	0.0	0.0	0.0	0.0	0.0	0.0	0.0	0.0	0.0	0.0	0.0	0.0
SRR7976243	1000.0	0.0	0.0	0.0	0.0	0.0	0.0	0.0	0.0	0.0	0.0	0.0	0.0	0.0	2.447163515016685	0.0
ERR3597786	1000.0	0.0	0.0	0.0	0.0	0.0	0.0	0.0	0.0	0.0	0.0	0.0	0.0	0.0	0.0	0.0
SRR6958907	1000.0	0.0	0.0	0.0	0.0	0.0	0.0	0.0	0.0	0.0	0.0	0.0	0.0	0.0	3.2262149339552213	0.0
SRR24044318	1000.0	0.0	0.0	0.0	0.0	0.0	0.0	0.0	0.0	0.0	32.1980586381993	0.0	0.0	0.0	0.2446437838238564	0.0
ERR3597772	1000.0	0.0	0.0	0.0	0.0	0.0	0.0	0.0	0.0	0.0	0.0	0.0	0.0	0.0	0.0	0.0
SRR8127630	1000.0	6.587222773915923	0.0	0.0	0.0	0.0	0.0	0.0	0.0	0.0	3.128930817610063	0.0	0.0	0.0	2.234950584007188	0.0
SRR14301304	1000.0	0.0	0.3953454815061607	0.0	0.0	0.0	0.0	0.0	0.0	0.0	19.341059432106174	0.0	0.0	0.24338456205223016	11.27047177421243	0.0
SRR8127612	1000.0	0.0	0.0	0.0	0.0	0.0	0.0	0.0	0.0	0.0	4.705056179775282	0.0	0.0	0.0	4.03290529695024	0.0
ERR3609925	1000.0	0.0	0.0	0.0	0.0	0.0	0.0	0.0	0.0	0.0	0.0	0.0	0.0	0.0	0.0	0.0
SRR7976143	1000.0	0.0	0.0	0.0	0.0	0.0	0.0	0.0	0.0	0.0	0.6460636739043559	0.0	0.0	0.0	2.081852782491492	0.0
ERR3609913	1000.0	0.0	0.0	0.0	0.0	0.0	0.0	0.0	0.0	0.0	0.0	0.0	0.0	0.0	0.0	0.0
SRR6958990	1000.0	0.0	0.0	0.0	0.0	0.0	0.0	0.0	0.0	0.0	13.66475745611596	0.0	0.0	0.0	0.8112763790178454	0.0
SRR7904196	1000.0	0.0	0.0	0.0	0.0	0.0	0.0	0.0	0.0	0.0	0.0	0.0	0.0	0.0	3.3571891791736146	0.0
ERR3597774	1000.0	0.0	0.0	0.0	0.0	0.0	0.0	0.0	0.0	0.0	0.0	0.0	0.0	0.0	0.0	0.0
SRR14301300	1000.0	0.0	0.0	0.0	0.0	0.0	0.0	0.0	0.0	0.0	8.475986927629672	0.0	0.0	0.0	7.530241935483869	0.0
SRR21373924	1000.0	0.0	0.0	0.0	0.0	0.0	0.0	0.0	0.0	0.0	15.640395679851714	0.0	0.0	0.0	0.0	0.0
ERR3597762	1000.0	0.0	0.0	0.0	0.0	0.0	0.0	0.0	0.0	0.0	0.0	0.0	0.0	0.0	0.0	0.0
SRR6713635	1000.0	0.0	0.0	0.0	0.0	0.0	0.0	0.0	0.0	0.0	0.9322863930856942	0.0	0.0	0.0	0.11809092191220916	0.0
SRR6206843	1000.0	0.0	0.0	0.0	0.0	0.0	0.0	0.0	0.0	0.0	0.0	0.0	0.0	0.0	0.0	0.0
ERR3597759	1000.0	0.0	0.0	0.0	0.0	0.0	0.0	0.0	0.0	0.0	0.0	0.0	0.0	0.0	0.0	0.0
SRR23962322	1000.0	0.0	0.0	0.0	0.0	0.0	0.0	0.0	0.0	0.0	0.0	0.0	0.0	0.0	10.866093729135974	0.0
SRR8127629	1000.0	0.0	0.0	0.0	0.0	0.0	0.0	0.0	0.0	0.0	22.125896057347667	0.0	0.0	0.0	3.5714285714285707	0.0
SRR9312622	1000.0	0.0	0.0	0.0	0.0	0.0	0.0	0.0	0.0	0.0	77.12997781156552	0.0	0.0	0.0	0.3468406593406593	0.0
SRR24044330	1000.0	0.0	0.0	0.0	0.0	0.0	0.0	0.0	0.0	0.0	4.37677982691833	0.0	0.0	0.0	0.14619883040935672	0.0
SRR7976234	1000.0	0.0	0.0	0.0	0.0	0.0	0.0	0.0	0.0	0.0	0.0	0.0	0.0	0.0	0.38095238095238093	0.0
SRR6713630	1000.0	0.0	0.0	0.0	0.0	0.0	0.0	0.0	0.0	0.0	22.826782003228672	0.0	0.0	0.0	0.1003723798014838	0.0
SRR8127628	1000.0	2.560694665957824	9.878822061563177	0.0	0.0	0.0	0.0	0.0	0.0	0.0	8.514309764309763	0.0	0.0	0.0	3.4752284752284743	0.0
SRR24044309	1000.0	0.0	0.0	0.0	0.0	0.0	0.0	0.0	0.0	0.0	4.3322572636379855	0.0	0.0	0.0	0.0	0.0
SRR10586132	1000.0	0.0	0.0	0.0	0.0	0.0	0.0	0.0	0.0	0.0	2.3419540229885056	0.0	0.0	0.0	0.0	0.0
ERR3597752	1000.0	0.0	0.0	0.0	0.0	0.0	0.0	0.0	0.0	0.0	0.0	0.0	0.0	0.0	0.0	0.0
SRR24044294	1000.0	0.0	0.0	0.0	0.0	0.0	0.0	0.0	0.0	0.0	36.83454881594934	0.0	0.0	0.0	0.0	0.0
SRR13882931	1000.0	0.0	0.0	0.0	0.0	0.0	0.0	0.0	0.0	0.0	0.0	0.0	0.0	0.0	0.0	0.0
ERR3597761	1000.0	0.0	0.0	0.0	0.0	0.0	0.0	0.0	0.0	0.0	0.0	0.0	0.0	0.0	0.0	0.0
SRR9312611	1000.0	0.0	0.0	0.0	0.0	0.0	0.0	0.0	0.0	0.0	0.0	0.0	0.0	0.0	1.4910336490026193	0.0
SRR5626782	1000.0	0.0	0.0	0.0	0.0	0.0	0.0	0.0	0.0	0.0	0.0	0.0	0.0	0.0	0.0	0.0
SRR24044308	1000.0	0.0	0.0	0.0	0.0	0.0	0.0	0.0	0.0	0.0	15.74308820251134	0.0	0.0	0.0	0.2605253688377114	0.0
SRR24044319	1000.0	0.0	0.0	0.0	0.0	0.0	0.0	0.0	0.0	0.0	16.810324271629927	0.0	0.0	0.0	0.11823964811880719	0.0
ERR3597782	1000.0	0.0	0.0	0.0	0.0	0.0	0.0	0.0	0.0	0.0	0.0	0.0	0.0	0.0	0.0	0.0
SRR7778149	1000.0	0.0	0.0	0.0	0.0	0.0	0.0	0.0	0.0	0.0	1.9908527237420368	0.0	0.0	0.0	0.0	0.0
SRR7778161	1000.0	0.0	0.0	0.0	0.0	0.0	0.0	0.0	0.0	0.0	0.6019201251993861	0.0	0.0	0.0	2.081998718770019	0.0
SRR7778160	1000.0	0.0	0.0	0.0	0.0	0.0	0.0	0.0	0.0	0.0	0.0	0.0	0.0	0.0	0.0	0.0
SRR9312630	1000.0	0.0	0.0	0.0	0.0	0.0	0.0	0.0	0.0	0.0	4.465103560821148	0.0	0.0	0.0	0.34592370979805526	0.0
SRR16798010	1000.0	0.0	0.0	0.0	0.0	0.0	0.0	0.0	0.0	0.0	18.008168407149693	0.0	0.0	0.0	0.0	0.0
ERR3597768	1000.0	0.0	0.0	0.0	0.0	0.0	0.0	0.0	0.0	0.0	0.0	0.0	0.0	0.0	0.0	0.0
SRR10586133	1000.0	0.0	0.0	0.0	0.0	0.0	0.0	0.0	0.0	0.0	2.74128627034678	0.0	0.0	0.0	0.3506976038823173	0.0
SRR8127606	1000.0	0.0	5.0761421319796955	0.0	0.0	0.0	0.0	0.0	0.0	0.0	10.0	0.0	0.0	0.0	7.662679075220752	0.0
SRR9312623	1000.0	0.0	0.0	0.0	0.0	0.0	0.0	0.0	0.0	0.0	71.64860580810746	0.0	0.0	0.0	0.36237298266586965	0.0
SRR14301319	1000.0	0.0	4.073533948453319	0.0	0.0	0.0	0.0	0.0	0.0	0.0	8.694760701157909	0.0	0.0	5.01553867403315	10.0310773480663	0.0
SRR6206975	1000.0	0.0	0.0	0.0	0.0	0.0	0.0	0.0	0.0	0.0	0.0	0.0	0.0	0.0	0.0	0.0
SRR5626800	1000.0	0.0	10.210630725246514	0.0	0.0	0.0	0.0	0.0	0.0	0.0	10.057471264367816	0.0	0.0	0.0	0.0	0.0
ERR3609893	1000.0	0.0	0.0	0.0	0.0	0.0	0.0	0.0	0.0	0.0	0.0	0.0	0.0	0.0	0.0	0.0
SRR24044311	1000.0	0.0	0.0	0.0	0.0	0.0	0.0	0.0	0.0	0.0	87.9059612308663	0.0	0.0	0.0	0.1494630401889508	0.0
SRR6826397	1000.0	0.0	0.0	0.0	0.0	0.0	0.0	0.0	0.0	0.0	0.0	0.0	0.0	0.0	0.0	0.0
ERR3609914	1000.0	0.0	0.0	0.0	0.0	0.0	0.0	0.0	0.0	0.0	0.0	0.0	0.0	0.0	0.0	0.0
SRR24044293	1000.0	0.0	0.0	0.0	0.0	0.0	0.0	0.0	0.0	0.0	25.73071189295208	0.0	0.0	0.0	0.07105906429424137	0.0
SRR7778162	1000.0	0.0	0.0	0.0	0.0	0.0	0.0	0.0	0.0	0.0	0.0	0.0	0.0	0.0	1.500482082596818	0.0
SRR17191906	1000.0	0.0	0.35340230032770037	0.0	0.0	0.0	0.0	0.0	0.0	0.0	5.846353599876446	0.0	0.0	0.0	1.7620593847964106	0.0
SRR6207023	1000.0	0.0	0.0	0.0	0.0	0.0	0.0	0.0	0.0	0.0	0.0	0.0	0.0	0.0	0.0	0.0
SRR8127598	1000.0	3.191048487360133	18.465965865941882	0.0	0.0	0.0	0.0	0.0	0.0	0.0	3.031496062992126	0.0	0.0	0.0	2.1653543307086616	0.0
SRR8127635	1000.0	0.0	0.0	0.0	0.0	0.0	0.0	2.8447883477469276	0.0	0.0	4.807692307692308	0.0	0.0	0.0	3.434065934065934	0.0
SRR5626796	1000.0	0.0	29.268819526946753	0.0	0.0	0.0	0.0	0.0	0.0	0.0	0.0	0.0	0.0	0.0	0.0	0.0
ERR3597789	1000.0	0.0	0.0	0.0	0.0	0.0	0.0	0.0	0.0	0.0	0.0	0.0	0.0	0.0	0.0	0.0
SRR7142637	1000.0	0.0	0.0	0.0	0.0	0.0	0.0	0.0	0.0	0.0	0.0	0.0	0.0	0.0	7.90408992148426	0.0
SRR7778164	1000.0	0.0	0.0	0.0	0.0	0.0	0.0	0.0	0.0	0.0	0.0	0.0	0.0	0.0	1.8711528379191824	0.0
SRR9312628	1000.0	0.0	4.615358574241634	0.0	0.0	0.0	0.0	0.0	0.0	0.0	3.3421828004616954	0.0	0.0	0.0	0.5421739052627322	0.0
SRR16797977	1000.0	0.0	0.8366040929523304	0.0	0.0	0.0	0.0	0.0	0.0	0.0	12.42448727292114	0.0	0.0	0.0	1.0300687894475569	0.0
SRR17191905	1000.0	0.0	0.0	0.0	0.0	0.0	0.0	0.0	0.0	0.0	4.080203660533614	0.0	0.0	0.1857306951237587	0.5306591289250248	0.0
SRR6958909	1000.0	0.0	0.0	0.0	0.0	0.0	0.0	0.0	0.0	0.0	0.0	0.0	0.0	0.0	3.580479966844954	0.0
ERR3609926	1000.0	0.0	0.0	0.0	0.0	0.0	0.0	0.0	0.0	0.0	0.0	0.0	0.0	0.0	0.0	0.0
SRR8127617	1000.0	0.0	4.725579830047396	0.0	0.0	0.0	0.0	0.0	0.0	0.0	4.654696132596685	0.0	0.0	0.0	1.6623914759273875	0.0
SRR6201971	1000.0	0.0	0.0	0.0	0.0	0.0	0.0	0.0	0.0	0.0	0.0	0.0	0.0	0.0	0.2734755767356222	0.0
SRR9312621	1000.0	0.0	0.0	0.0	0.0	0.0	0.0	0.0	0.0	0.0	0.0	0.0	0.0	0.0	0.0	0.0
SRR24044301	1000.0	0.0	0.0	0.0	0.0	0.7279593875289062	0.0	0.0	0.0	0.0	6.397308508642092	0.0	0.0	0.0	0.12518301610541727	0.0
SRR11128412	1000.0	0.0	9.574862323649308	0.0	0.0	0.0	0.0	0.0	0.0	0.0	19.357908505007625	0.0	0.0	0.0	2.0130527085625824	0.0
SRR9312618	1000.0	0.0	0.0	0.0	0.0	0.0	0.0	0.0	0.0	0.0	12.23413528591353	0.0	0.0	0.0	0.0	0.0
ERR3609906	1000.0	0.0	0.0	0.0	0.0	0.0	0.0	0.0	0.0	0.0	0.0	0.0	0.0	0.0	11.224489795918366	0.0
SRR8127645	1000.0	3.193196405648268	6.159465147950973	0.0	0.0	0.0	0.0	0.0	0.0	0.0	10.32466837826273	0.0	0.0	0.0	2.1668118466898956	0.0
SRR8127641	1000.0	0.0	0.0	0.0	0.0	0.0	0.0	0.0	0.0	0.0	12.710888561899548	0.0	0.0	0.0	2.052808302808303	0.0
SRR24044320	1000.0	0.0	0.0	0.0	0.0	0.0	0.0	0.0	0.0	0.0	20.81825017759288	0.0	0.0	0.0	0.37845910344123346	0.0
SRR24044306	1000.0	0.0	0.3389906022119621	0.0	0.0	0.0	0.0	0.0	0.0	0.0	13.859238377097181	0.0	0.0	0.0	0.7155123068116771	0.0
SRR7778156	1000.0	0.0	7.747983633633097	0.0	0.0	0.0	0.0	0.0	0.0	0.0	3.084688726458142	0.0	0.0	0.0	1.8244267544680983	0.0
SRR7778159	1000.0	0.0	0.0	0.0	0.0	0.0	0.0	0.0	0.0	0.0	0.0	0.0	0.0	0.0	0.0	0.0
SRR8127590	1000.0	2.510011441647597	0.0	0.0	0.0	0.0	0.0	0.0	0.0	0.0	7.749660326086956	0.0	0.0	0.0	5.109666149068323	0.0
SRR24044322	1000.0	0.0	0.1775793941883552	0.0	0.0	0.0	0.0	0.0	0.0	0.0	20.051843121128762	0.0	0.0	0.0	0.06246989402697494	0.0
SRR6959023	1000.0	0.0	0.0	0.0	0.0	0.0	0.0	0.0	0.0	0.0	0.0	0.0	0.0	0.0	3.2306702097598703	0.0
SRR9312624	1000.0	0.0	0.0	0.0	0.0	0.0	0.0	0.0	0.0	0.0	5.8258673843619775	0.0	0.0	0.0	0.6661732050333087	0.0
ERR3609892	1000.0	0.0	0.0	0.0	0.0	0.0	0.0	0.0	0.0	0.0	0.0	0.0	0.0	0.0	0.0	0.0
SRR6826357	1000.0	0.0	0.5370359867282988	0.0	0.0	0.0	0.0	0.0	0.0	0.0	0.16029710512950737	0.0	0.0	0.0	0.3779558308717396	0.0
SRR23962336	1000.0	0.0	0.0	0.0	0.0	0.0	0.0	0.0	0.0	0.0	0.0	0.0	0.0	0.0	147.84011270717346	0.0
SRR7778158	1000.0	0.0	0.0	0.0	0.0	0.0	0.0	0.0	0.0	0.0	0.0	0.0	0.0	0.0	1.8904141461144714	0.0
SRR8127610	1000.0	0.0	0.0	0.0	0.0	0.0	0.0	0.0	0.0	0.0	13.9550395256917	0.0	0.0	0.0	3.797289666854884	0.0
ERR3597771	1000.0	0.0	0.0	0.0	0.0	0.0	0.0	0.0	0.0	0.0	0.0	0.0	0.0	0.0	0.0	0.0
SRR11128413	1000.0	0.0	0.0	0.0	0.0	0.0	0.0	0.0	0.0	0.0	0.0	0.0	0.0	0.0	0.0	0.0
SRR9312631	1000.0	0.0	0.0	0.0	0.0	0.0	0.0	0.0	0.0	0.0	7.670215554734697	0.0	0.0	0.0	0.0	0.0
SRR24044332	1000.0	0.0	0.0	0.0	0.0	0.0	0.0	0.0	0.0	0.0	31.881581151673547	0.0	0.0	0.0	0.1672687619607815	0.0
ERR3609898	1000.0	0.0	0.0	0.0	0.0	0.0	0.0	0.0	0.0	0.0	0.0	0.0	0.0	0.0	0.0	0.0
SRR6206761	1000.0	0.0	0.0	0.0	0.0	0.0	0.0	0.0	0.0	0.0	0.0	0.0	0.0	0.0	0.0	0.0
ERR3597756	1000.0	0.0	0.0	0.0	0.0	0.0	0.0	0.0	0.0	0.0	0.0	0.0	0.0	0.0	453.50877192982455	0.0
SRR13882934	1000.0	0.0	0.0	0.0	0.0	0.0	0.0	0.0	0.0	0.0	0.0	0.0	0.0	0.0	0.0	0.0
SRR6206699	1000.0	0.0	0.0	0.0	0.0	0.0	0.0	0.0	0.0	0.0	0.0	0.0	0.0	0.0	0.0	0.0
SRR7904195	1000.0	0.0	0.0	0.0	0.0	0.0	0.0	0.0	0.0	0.0	0.0	0.0	0.0	0.0	0.0	0.0
SRR5626789	1000.0	0.0	13.391664440288539	0.0	0.0	0.0	0.0	0.0	0.0	0.0	0.0	0.0	0.0	0.0	4.736369649437778	0.0
SRR16798008	1000.0	0.0	0.5435839389893811	0.0	0.0	0.0	0.0	0.0	0.0	0.0	17.791339392531317	0.0	0.0	0.0	2.185429305732818	0.0
SRR24044328	1000.0	0.0	0.0	0.0	0.0	0.0	0.0	0.0	0.0	0.0	22.974445539759873	0.0	0.0	0.0	0.06615781646400139	0.0
SRR24044323	1000.0	0.0	0.0	0.0	0.0	0.0	0.0	0.0	0.0	0.0	8.860761333584634	0.0	0.0	0.0	0.3242809691424038	0.0
SRR7976231	1000.0	0.0	0.0	0.0	0.0	0.0	0.0	0.0	0.0	0.0	0.33333333333333337	0.0	0.0	0.0	3.7142857142857135	0.0
SRR8127626	1000.0	2.5268394867766437	4.87410662423921	0.0	0.0	0.0	0.0	0.0	0.0	0.0	7.801616915422886	0.0	0.0	0.0	5.143923240938166	0.0
SRR9312613	1000.0	0.0	0.0	0.0	0.0	0.0	0.0	0.0	0.0	0.0	0.0	0.0	0.0	0.0	0.0	0.0
ERR3609900	1000.0	0.0	0.0	0.0	0.0	0.0	0.0	0.0	0.0	0.0	0.0	0.0	0.0	0.0	0.0	0.0
SRR7904197	1000.0	0.0	0.0	0.0	0.0	0.0	0.0	0.0	0.0	0.0	0.0	0.0	0.0	0.0	0.0	0.0
SRR8127627	1000.0	0.0	0.0	0.0	0.0	0.0	0.0	0.0	0.0	0.0	15.680933852140079	0.0	0.0	0.0	0.0	0.0
SRR13882930	1000.0	0.0	0.0	0.0	0.0	0.0	0.0	0.0	0.0	0.0	0.0	0.0	0.0	0.0	0.0	0.0
SRR5626788	1000.0	0.0	0.0	0.0	0.0	0.0	0.0	0.0	0.0	0.0	0.0	0.0	0.0	0.0	0.0	0.0
SRR5626785	1000.0	0.0	17.318602567930725	0.0	0.0	0.0	0.0	0.0	0.0	0.0	0.0	0.0	0.0	0.0	0.0	0.0
SRR13115019	1000.0	0.0	0.19593960880003974	0.0	0.0	25.613152413889306	0.0	0.0	0.0	0.0	19.31633294851963	0.0	0.0	0.0	0.06892875523858541	0.0
SRR8127594	1000.0	0.0	14.630166787527195	0.0	0.0	0.0	0.0	0.0	0.0	0.0	8.322671376242804	0.0	0.0	0.0	5.146683673469388	0.0
SRR6206855	1000.0	0.0	0.0	0.0	0.0	0.0	0.0	0.0	0.0	0.0	0.0	0.0	0.0	0.0	0.0	0.0
SRR13882925	1000.0	0.0	0.0	0.0	0.0	0.0	0.0	0.0	0.0	0.0	8.412597759458889	0.0	0.0	0.0	0.0	0.0
SRR7778155	1000.0	0.0	0.0	0.0	0.0	0.0	0.0	0.0	0.0	0.0	0.2880691841207555	0.0	0.0	0.0	2.403320050378874	0.0
SRR17041394	1000.0	0.0	0.0	0.0	0.0	0.0	0.0	0.0	0.0	0.0	30.666920740416533	0.0	0.0	0.0	0.0	0.0
SRR8127604	1000.0	7.948342844195404	5.919720665473432	0.0	0.0	0.0	0.0	0.0	0.0	0.0	3.644328034682081	0.0	0.0	0.0	0.0	0.0
SRR7976140	1000.0	0.0	0.0	0.0	0.0	0.0	0.0	0.0	0.0	0.0	9.293691278534716	0.0	0.0	0.0	2.816311972768123	0.0
SRR24044303	1000.0	0.0	0.0	0.0	0.0	0.07723073765856094	0.0	0.0	0.0	0.0	6.4251631189184275	0.0	0.0	0.0	0.5313163400311863	0.0
ERR3609916	1000.0	0.0	0.0	0.0	0.0	0.0	0.0	0.0	0.0	0.0	0.0	0.0	0.0	0.0	0.0	0.0
SRR3992316	1000.0	0.0	0.0	0.0	0.0	0.0	0.0	0.0	0.0	0.0	0.0	0.0	0.0	0.0	0.0	0.0
SRR16797978	1000.0	0.0	0.5535284546508568	0.0	0.0	0.0	0.0	0.0	0.0	0.0	13.022412744182727	0.0	0.0	0.0	2.920967156086336	0.0
SRR2086431	1000.0	0.0	0.0	0.0	0.0	0.0	0.0	0.0	0.0	0.0	0.0	0.0	0.0	0.0	0.0	0.0
SRR8127607	1000.0	0.0	9.786216321749317	0.0	0.0	0.0	0.0	0.0	0.0	0.0	5.864846119382409	0.0	0.0	0.0	3.442651098901099	0.0
SRR9312632	1000.0	0.0	2.693739424703892	0.0	0.0	0.0	0.0	0.0	0.0	0.0	0.9476190476190476	0.0	0.0	0.0	1.4214285714285713	0.0
ERR3609930	1000.0	0.0	0.0	0.0	0.0	0.0	0.0	0.0	0.0	0.0	0.0	0.0	0.0	0.0	0.0	0.0
SRR9312635	1000.0	0.0	0.0	0.0	0.0	0.27517927120167995	0.0	0.0	0.0	0.0	1.2618935150819892	0.0	0.0	0.0	0.15773668938524865	0.0
SRR8127601	1000.0	2.598477325388944	5.012291287552278	0.0	0.0	0.0	0.0	0.0	0.0	0.0	6.085481604349528	0.0	0.0	0.0	1.7632524707996404	0.0
SRR7142639	1000.0	0.0	0.0	0.0	0.0	0.0	0.0	0.0	0.0	0.0	0.0	0.0	0.0	0.0	3.9558089148928786	0.0
SRR8127633	1000.0	2.501731301939058	0.0	0.0	0.0	0.0	0.0	0.0	0.0	0.0	2.376644736842105	0.0	0.0	0.0	5.092810150375938	0.0
SRR24044297	1000.0	0.054195427092320975	0.0	0.0	0.0	0.5132526428680864	0.0	0.0	0.0	0.0	28.412874502620298	0.0	0.0	0.0	0.11045798106773135	0.0
SRR6958704	1000.0	0.0	0.0	0.0	0.0	0.0	0.0	0.0	0.0	0.0	0.2676257392993703	0.0	0.0	0.0	0.6356585899988787	0.0
ERR3597784	1000.0	0.0	0.0	0.0	0.0	0.0	0.0	0.0	0.0	0.0	0.0	0.0	0.0	0.0	0.0	0.0
SRR7976142	1000.0	0.0	0.0	0.0	0.0	0.0	0.0	0.0	0.0	0.0	0.2362879529872674	0.0	0.0	0.0	16.371379599832096	0.0
SRR17938969	1000.0	0.0	8.483212253151777	0.0	0.0	0.0	0.0	0.0	0.0	0.0	3.4061054463951637	0.0	0.0	0.0	2.623102385335667	0.0
ERR3597754	1000.0	0.0	0.0	0.0	0.0	0.0	0.0	0.0	0.0	0.0	0.0	0.0	0.0	0.0	0.0	0.0
ERR3597787	1000.0	0.0	0.0	0.0	0.0	0.0	0.0	0.0	0.0	0.0	0.0	0.0	0.0	0.0	0.0	0.0
SRR9312626	1000.0	0.0	0.0	0.0	0.0	0.0	0.0	0.0	0.0	0.0	4.860864416814683	0.0	0.0	0.0	2.6040345090078656	0.0
SRR5626786	1000.0	0.0	0.0	0.0	0.0	0.0	0.0	0.0	0.0	0.0	0.0	0.0	0.0	0.0	0.0	0.0
SRR6958989	1000.0	0.0	0.0	0.0	0.0	0.0	0.0	0.0	0.0	0.0	5.886746333514394	0.0	0.0	0.0	1.1717221727692644	0.0
ERR3609922	1000.0	0.0	0.0	0.0	0.0	0.0	0.0	0.0	0.0	0.0	0.0	0.0	0.0	0.0	0.0	0.0
ERR3609905	1000.0	0.0	0.0	0.0	0.0	0.0	0.0	0.0	0.0	0.0	0.0	0.0	0.0	0.0	13.809523809523807	0.0
ERR3609896	1000.0	0.0	0.0	0.0	0.0	0.0	0.0	0.0	0.0	0.0	0.0	0.0	0.0	0.0	453.50877192982455	0.0
SRR13882927	1000.0	0.0	0.0	0.0	0.0	0.0	0.0	0.0	0.0	0.0	12.77591140973	0.0	0.0	0.0	0.0	0.0
SRR6216920	1000.0	0.0	0.0	0.0	0.0	0.0	0.0	0.0	0.0	0.0	0.0	0.0	0.0	0.0	0.0	0.0
SRR23962337	1000.0	0.0	0.0	0.0	0.0	0.0	0.0	0.0	0.0	0.0	0.0	0.0	0.0	0.0	47.279029558169235	0.0
SRR24044331	1000.0	0.0	0.0	0.0	0.0	0.0	0.0	0.0	0.0	0.0	26.05660388983952	0.0	0.0	0.0	0.4429202918888576	0.0
SRR24044315	1000.0	0.0	0.0	0.0	0.0	0.0	0.0	0.0	0.0	0.0	29.010008372767956	0.0	0.0	0.0	0.2874434630001226	0.0
ERR3609912	1000.0	0.0	0.0	0.0	0.0	0.0	0.0	0.0	0.0	0.0	0.0	0.0	0.0	0.0	0.0	0.0
ERR3597770	1000.0	0.0	0.0	0.0	0.0	0.0	0.0	0.0	0.0	0.0	0.0	0.0	0.0	0.0	0.0	0.0
SRR7778153	1000.0	0.0	0.0	0.0	0.0	0.0	0.0	0.0	0.0	0.0	0.5404475203132921	0.0	0.0	0.0	1.8693693693693691	0.0
SRR24044305	1000.0	0.0	0.0	0.0	0.0	0.31898937824809454	0.0	0.0	0.0	0.0	6.970677703184042	0.0	0.0	0.0	0.9751960992156031	0.0
SRR23962321	1000.0	0.0	0.0	0.0	0.0	0.0	0.0	0.0	0.0	0.0	0.0	0.0	0.0	0.0	33.230571380495654	0.0
SRR17938976	1000.0	0.0	4.599430341387926	0.0	0.0	0.0	0.0	0.0	0.0	0.0	6.975686279600681	0.0	0.0	0.23596035865974518	2.59773919372023	0.0
SRR17938971	1000.0	0.0	3.1136744700588275	0.0	0.0	0.0	0.0	0.0	0.0	0.0	5.4528105487367	0.0	0.0	0.0	1.879561881230654	0.0
SRR6206976	1000.0	0.0	0.0	0.0	0.0	0.0	0.0	0.0	0.0	0.0	0.0	0.0	0.0	0.0	0.0	0.0
SRR5626792	1000.0	0.0	63.451776649746186	0.0	0.0	0.0	0.0	0.0	0.0	0.0	0.0	0.0	0.0	0.0	0.0	0.0
ERR3597781	1000.0	0.0	0.0	0.0	0.0	0.0	0.0	0.0	0.0	0.0	0.0	0.0	0.0	0.0	0.0	0.0
SRR17938973	1000.0	0.0	3.7943293584189743	0.0	0.0	0.0	0.0	0.0	0.0	0.0	3.619827735403798	0.0	0.0	0.0	1.168840652988152	0.0
ERR2234938	1000.0	0.0	0.0	0.0	0.0	0.0	0.0	0.0	0.0	0.0	19.026603393730227	0.0	0.0	0.0	0.0	0.0
ERR3597778	1000.0	0.0	0.0	0.0	0.0	0.0	0.0	0.0	0.0	0.0	0.0	0.0	0.0	0.0	0.0	0.0
SRR5626779	1000.0	0.0	0.0	0.0	0.0	0.0	0.0	0.0	0.0	0.0	0.0	0.0	0.0	0.0	0.0	0.0
SRR9312610	1000.0	0.0	0.0	0.0	0.0	0.0	0.0	0.0	0.0	0.0	1.6415580382272281	0.0	0.0	0.0	1.2003893154536605	0.0
SRR8127634	1000.0	2.4070840608630584	0.0	0.0	0.0	0.0	0.0	0.0	0.0	0.0	8.495662118292449	0.0	0.0	0.0	0.0	0.0
SRR21373925	1000.0	0.0	0.0	0.0	0.0	0.0	0.0	0.0	0.0	0.0	12.156666952931806	0.0	0.0	0.0	0.11553761553761552	0.0
SRR2086437	1000.0	0.0	0.0	0.0	0.0	0.0	0.0	0.0	0.0	0.0	25.706033376123237	0.0	0.0	0.0	0.0	0.0
SRR7142638	1000.0	0.0	0.0	0.0	0.0	0.0	0.0	0.0	0.0	0.0	0.0	0.0	0.0	0.0	8.38828130518928	0.0
SRR16797999	1000.0	0.0	0.4041160014634424	0.0	0.0	0.0	0.0	0.0	0.0	0.0	16.648809973008976	0.0	0.0	0.0	2.7010824883529727	0.0
ERR3597755	1000.0	0.0	0.0	0.0	0.0	0.0	0.0	0.0	0.0	0.0	0.0	0.0	0.0	0.0	0.0	0.0
SRR21203432	1000.0	0.0	0.5473826189385314	0.0	0.0	0.0	0.0	0.0	0.0	0.0	16.748739900912767	0.0	0.0	0.0	0.014812414276221245	0.0
ERR3597758	1000.0	0.0	0.0	0.0	0.0	0.0	0.0	0.0	0.0	0.0	0.0	0.0	0.0	0.0	0.0	0.0
ERR3597783	1000.0	0.0	0.0	0.0	0.0	0.0	0.0	0.0	0.0	0.0	0.0	0.0	0.0	0.0	0.0	0.0
SRR10586138	1000.0	0.0	0.0	0.0	0.0	0.0	0.0	0.0	0.0	0.0	0.0	0.0	0.0	0.0	0.0	0.0
SRR7904194	1000.0	0.0	0.0	0.0	0.0	0.0	0.0	0.0	0.0	0.0	0.0	0.0	0.0	0.0	0.0	0.0
SRR8127599	1000.0	3.0297783933518003	5.844242586160833	0.0	0.0	0.0	0.0	0.0	0.0	0.0	12.952302631578945	0.0	0.0	0.0	0.0	0.0
SRR6206506	1000.0	0.0	0.0	0.0	0.0	0.0	0.0	0.0	0.0	0.0	0.0	0.0	0.0	0.0	0.0	0.0
ERR3597769	1000.0	0.0	0.0	0.0	0.0	0.0	0.0	0.0	0.0	0.0	0.0	0.0	0.0	0.0	0.0	0.0
SRR7976145	1000.0	0.0	0.0	0.0	0.0	0.0	0.0	0.0	0.0	0.0	0.0	0.0	0.0	0.0	14.478475048190191	0.0
ERR3597775	1000.0	0.0	0.0	0.0	0.0	0.0	0.0	0.0	0.0	0.0	0.0	0.0	0.0	0.0	0.0	0.0
SRR5688572	1000.0	0.0	24.903659310903272	0.0	0.0	0.0	0.0	0.0	0.0	0.0	4.940294263556879	0.0	0.0	0.37699955565429905	1.0807509365527466	0.0
SRR17938978	1000.0	0.0	7.156640629016611	0.0	0.0	0.0	0.0	0.0	0.0	0.0	2.9618011334099736	0.0	0.0	0.0	1.9976230509078052	0.0
SRR5626784	1000.0	0.0	91.18255311148711	0.0	0.0	0.0	0.0	0.0	0.0	0.0	0.0	0.0	0.0	0.0	0.0	0.0
SRR6713632	1000.0	0.0	0.0	0.0	0.0	0.0	0.0	0.0	0.0	0.0	3.1481567106768713	0.0	0.0	0.0	0.21428715398017167	0.0
ERR3597760	1000.0	0.0	0.0	0.0	0.0	0.0	0.0	0.0	0.0	0.0	0.0	0.0	0.0	0.0	0.0	0.0
SRR17191899	1000.0	0.0	0.0	0.0	0.0	0.0	0.0	0.0	0.0	0.0	9.015390138663722	0.0	0.0	0.0	1.0842358060985933	0.0
SRR8127616	1000.0	0.0	13.73637217674132	0.0	0.0	0.0	0.0	0.0	0.0	0.0	5.073872472783825	0.0	0.0	0.0	0.0	0.0
SRR7904193	1000.0	0.0	0.0	0.0	0.0	0.0	0.0	0.0	0.0	0.0	0.0	0.0	0.0	0.0	7.978201300560303	0.0
SRR8127588	1000.0	0.0	4.848452379357916	0.0	0.0	0.0	0.0	0.0	0.0	0.0	9.551451187335093	0.0	0.0	0.0	0.0	0.0
SRR6958908	1000.0	0.0	0.0	0.0	0.0	0.0	0.0	0.0	0.0	0.0	0.3482379161443098	0.0	0.0	0.0	5.377636555796073	0.0
SRR17191903	1000.0	0.0	2.712493996662289	0.0	0.0	0.0	0.0	0.0	0.0	0.0	17.268925050737863	0.0	0.0	0.0	1.7054253710338159	0.0
ERR3609918	1000.0	0.0	0.0	0.0	0.0	0.0	0.0	0.0	0.0	0.0	0.0	0.0	0.0	0.0	0.0	0.0
SRR17938967	1000.0	0.0	6.791448668503463	0.0	0.0	0.0	0.0	0.0	0.0	0.0	2.532764406580755	0.0	0.0	0.0	2.789680791435579	0.0
SRR6713629	1000.0	0.0	0.0	0.0	0.0	0.0	0.0	0.0	0.0	0.0	8.578060898329031	0.0	0.0	0.0	0.0	0.0
SRR8127605	1000.0	0.0	9.870276367738295	0.0	0.0	0.0	0.0	0.0	0.0	0.0	5.841861598440546	0.0	0.0	0.0	3.4722222222222214	0.0
ERR3609917	1000.0	0.0	0.0	0.0	0.0	0.0	0.0	0.0	0.0	0.0	0.0	0.0	0.0	0.0	0.0	0.0
ERR3597764	1000.0	0.0	0.0	0.0	0.0	0.0	0.0	0.0	0.0	0.0	0.0	0.0	0.0	0.0	13.873626373626372	0.0
SRR3586642	1000.0	0.0	0.0	0.0	0.0	0.0	0.0	0.0	0.0	0.0	0.0	0.0	0.0	0.0	0.0	0.0
ERR3609924	1000.0	0.0	0.0	0.0	0.0	0.0	0.0	0.0	0.0	0.0	0.0	0.0	0.0	0.0	0.0	0.0
ERR3597785	1000.0	0.0	0.0	0.0	0.0	0.0	0.0	0.0	0.0	0.0	0.0	0.0	0.0	0.0	0.0	0.0
ERR3609908	1000.0	0.0	0.0	0.0	0.0	0.0	0.0	0.0	0.0	0.0	0.0	0.0	0.0	0.0	0.0	0.0
SRR10586134	1000.0	0.0	0.0	0.0	0.0	0.0	0.0	0.0	0.0	0.0	3.4295046271094174	0.0	0.0	0.0	0.0	0.0
SRR8127603	1000.0	4.582577132486389	8.839488884999126	0.0	0.0	0.0	0.0	0.0	0.0	0.0	0.0	0.0	0.0	0.0	0.0	0.0
SRR5626799	1000.0	0.0	15.696993361967984	0.0	0.0	0.0	0.0	0.0	0.0	0.0	20.61538461538462	0.0	0.0	0.0	5.551719375776827	0.0
SRR8127619	1000.0	0.0	4.976119626916057	0.0	0.0	0.0	0.0	0.0	0.0	0.0	5.514162561576354	0.0	0.0	0.0	3.5010555946516537	0.0
SRR24044325	1000.0	0.0	0.0	0.0	0.0	0.0	0.0	0.0	0.0	0.0	11.295549222959794	0.0	0.0	0.0	0.36489694693157143	0.0
SRR8127623	1000.0	2.381147877494047	4.593077124100192	0.0	0.0	0.0	0.0	0.0	0.0	0.0	3.243140478307304	0.0	0.0	0.0	4.847336750612881	0.0
SRR8127632	1000.0	7.542991141219385	0.0	0.0	0.0	0.0	0.0	0.0	0.0	0.0	0.0	0.0	0.0	0.0	3.412305516265912	0.0
ERR3597757	1000.0	0.0	0.0	0.0	0.0	0.0	0.0	0.0	0.0	0.0	0.0	0.0	0.0	0.0	0.0	0.0
SRR24044324	1000.0	0.0	0.0	0.0	0.0	0.0	0.0	0.0	0.0	0.0	9.335857506327192	0.0	0.0	0.0	0.5553730389190545	0.0
SRR8127609	1000.0	2.875376452029256	5.54641143031024	0.0	0.0	0.0	0.0	0.0	0.0	0.0	0.0	0.0	0.0	0.0	1.9511483067341377	0.0
SRR8127593	1000.0	2.5245530093175526	14.609088480314767	0.0	0.0	0.0	0.0	0.0	0.0	0.0	2.398325358851675	0.0	0.0	0.0	3.435405778196102	0.0
SRR5626787	1000.0	0.0	11.470762739798271	0.0	0.0	0.0	0.0	0.0	0.0	0.0	11.298701298701298	0.0	0.0	0.0	0.0	0.0
SRR7976240	1000.0	0.0	0.0	0.0	0.0	0.0	0.0	0.0	0.0	0.0	0.0	0.0	0.0	0.0	0.0	0.0
SRR8127589	1000.0	0.0	0.0	0.0	0.0	0.0	0.0	0.0	0.0	0.0	0.0	0.0	0.0	0.0	0.0	0.0
SRR6713631	1000.0	0.0	0.0	0.0	0.0	0.0	0.0	0.0	0.0	0.0	2.3740647885019586	0.0	0.0	0.0	0.1143608749740825	0.0
SRR7778154	1000.0	0.0	0.0	0.0	0.0	0.0	0.0	0.0	0.0	0.0	0.0	0.0	0.0	0.0	0.3781044364253873	0.0
SRR9312629	1000.0	0.0	1.7529897616794288	0.0	0.0	0.0	0.0	0.0	0.0	0.0	3.7000605326876506	0.0	0.0	0.0	0.6166767554479419	0.0
SRR2086154	1000.0	0.0	0.0	0.0	0.0	0.0	0.0	0.0	0.0	0.0	0.0	0.0	0.0	0.0	0.0	0.0
SRR17938972	1000.0	0.0	8.608097057172696	0.0	0.0	0.0	0.0	0.0	0.0	0.0	4.655674013646992	0.0	0.0	0.0	1.7321506736922485	0.0
SRR8127640	1000.0	0.0	9.615441970330519	0.0	0.0	0.0	0.0	0.0	0.0	0.0	13.022914218566394	0.0	0.0	0.0	3.382575121705557	0.0
SRR13882924	1000.0	0.0	0.0	0.0	0.0	0.0	0.0	0.0	0.0	0.0	83.1983529494364	0.0	0.0	0.0	0.0	0.0
SRR9312614	1000.0	0.0	0.0	0.0	0.0	0.0	0.0	0.0	0.0	0.0	16.114929065577666	0.0	0.0	0.0	0.0	0.0
ERR3597780	1000.0	0.0	0.0	0.0	0.0	0.0	0.0	0.0	0.0	0.0	0.0	0.0	0.0	0.0	0.0	0.0
SRR7142040	1000.0	0.0	0.0	0.0	0.0	0.0	0.0	0.0	0.0	0.0	0.0	0.0	0.0	0.0	14.276066122081431	0.0
SRR12481288	1000.0	0.0	0.0	0.0	0.0	0.0	0.0	0.0	0.0	0.0	0.0	0.0	0.0	0.0	0.0	0.0
SRR9312627	1000.0	0.0	0.0	0.0	0.0	0.0	0.0	0.0	0.0	0.0	6.38655462184874	0.0	0.0	0.0	0.0	0.0
SRR6958720	1000.0	0.0	0.712500809660011	0.0	0.0	0.0	0.0	0.0	0.0	0.0	0.5848444145959257	0.0	0.0	0.0	10.529899436941262	0.0
SRR5626802	1000.0	0.0	0.0	0.0	0.0	0.0	0.0	0.0	0.0	0.0	0.0	0.0	0.0	0.0	0.0	0.0
SRR17041388	1000.0	0.0	0.6892891660985204	0.0	0.0	0.8460434001333866	0.0	0.0	0.0	0.0	12.49900900680047	0.0	0.0	0.0	1.1520894994677482	0.0
ERR3609897	1000.0	0.0	0.0	0.0	0.0	0.0	0.0	0.0	0.0	0.0	0.0	0.0	0.0	0.0	0.0	0.0
SRR24044295	1000.0	0.0	0.0	0.0	0.0	0.0	0.0	0.0	0.0	0.0	17.714395036392954	0.0	0.0	0.0	0.0	0.0
SRR5690606	1000.0	0.0	0.09338004015026785	0.0	0.0	0.08596199957758302	0.0	0.0	0.0	0.0	28.24391077312798	0.0	0.0	0.0	0.3124556827101757	0.0
SRR7976233	1000.0	0.0	0.8940932164282419	0.0	0.0	0.0	0.0	0.0	0.0	0.0	0.5591630591630592	0.0	0.0	0.0	0.3145292207792208	0.0
SRR8127591	1000.0	0.0	0.0	0.0	0.0	0.0	0.0	0.0	0.0	0.0	2.3521505376344085	0.0	0.0	0.0	5.040322580645161	0.0
ERR3597790	1000.0	0.0	0.0	0.0	0.0	0.0	0.0	0.0	0.0	0.0	0.0	0.0	0.0	0.0	0.0	0.0
SRR8127625	1000.0	0.0	5.0761421319796955	0.0	0.0	0.0	0.0	0.0	0.0	0.0	20.41666666666667	0.0	0.0	0.0	1.7857142857142858	0.0
SRR13115018	1000.0	0.0	0.25910015257297553	0.0	0.0	0.0	0.0	0.0	0.0	0.0	2.1263075719063957	0.0	0.0	0.0	0.0	0.0
SRR21373922	1000.0	0.0	0.0	0.0	0.0	0.0	0.0	0.0	0.0	0.0	35.69679203745992	0.0	0.0	0.0	0.0	0.0
SRR13882926	1000.0	0.0	0.0	0.0	0.0	0.0	0.0	0.0	0.0	0.0	13.866527019721492	0.0	0.0	0.0	0.0	0.0
SRR6713636	1000.0	0.0	0.0	0.0	0.0	0.0	0.0	0.0	0.0	0.0	0.928139531686582	0.0	0.0	0.0	0.7078588856551324	0.0
SRR7142039	1000.0	0.0	0.0	0.0	0.0	0.0	0.0	0.0	0.0	0.0	0.0	0.0	0.0	0.0	12.711038961038959	0.0
