	reference	I	II	III	IV	V	VI	VII	VIII	IX	X	XI	XII	XIII	MHET_I	MHET_II
SRR21860276	1000.0	0.0	0.0	0.0	0.0	0.0	0.0	0.0	0.0	0.0	15.14964261968085	0.0	0.0	0.0	1.8582589285714286	0.0
SRR4142460	1000.0	0.0	16.558009875493653	0.0	0.0	0.0	0.0	0.0	0.0	0.0	17.63718240546189	0.0	0.0	0.0	2.329948532480178	0.0
SRR8543664	1000.0	0.0	0.0	0.0	0.0	0.0	0.0	0.0	0.0	0.0	0.0	0.0	0.0	0.0	0.0	0.0
SRR6988749	1000.0	0.0	0.0	0.0	0.0	0.0	0.0	0.0	0.0	0.0	0.0	0.0	0.0	0.0	12.025927393970484	0.0
SRR6056326	1000.0	0.0	0.0	0.0	0.0	0.0	0.0	0.0	0.0	0.0	0.0	0.0	0.0	0.0	0.0	0.0
SRR4141180	1000.0	0.13958236401136107	15.212352057481835	0.0	0.0	0.0	0.0	0.0	0.0	0.0	28.688450339310496	0.0	0.0	0.08287702863174562	2.7033137049966363	0.0
SRR21860285	1000.0	0.0	0.0	0.0	0.0	0.0	0.0	0.0	0.0	0.0	0.0	0.0	0.0	0.0	0.19098192658841062	0.0
SRR10916587	1000.0	0.0	3.470019035532995	0.0	0.0	0.0	0.0	0.0	0.0	0.0	4.797149122807018	0.0	0.0	0.0	0.0	0.0
SRR10143418	1000.0	0.0	0.0	0.0	0.0	0.0	0.0	0.0	0.0	0.0	4.704301075268817	0.0	0.0	0.0	0.0	0.0
SRR6987322	1000.0	0.0	0.0	0.0	0.0	0.0	0.0	0.0	0.0	0.0	0.0	0.0	0.0	0.0	8.51328903654485	0.0
SRR21860280	1000.0	0.0	0.1519732306634734	0.0	0.0	0.0	0.0	0.0	0.0	0.0	0.18711704025440162	0.0	0.0	0.0	2.123493545823355	0.0
SRR21860267	1000.0	0.0	0.1919994813520504	0.0	0.0	0.0	0.0	0.0	0.0	0.0	0.3197019935322772	0.0	0.0	0.0	5.008715691311968	0.0
SRR6987549	1000.0	0.0	0.0	0.0	0.0	0.0	0.0	0.0	0.0	0.0	0.0	0.0	0.0	0.0	3.327645051194539	0.0
ERR4179835	1000.0	0.0	0.0	0.0	0.0	0.0	0.0	0.0	0.0	0.0	0.0	0.0	0.0	0.0	0.0	0.0
SRR8543660	1000.0	0.0	0.0	0.0	0.0	0.0	0.0	0.0	0.0	0.0	0.0	0.0	0.0	0.0	0.0	0.0
SRR21860266	1000.0	0.0	0.0	0.0	0.0	0.0	0.0	0.0	0.0	0.0	0.32040941033508424	0.0	0.0	0.0	2.4516091705558294	0.0
SRR6987546	1000.0	0.0	0.0	0.0	0.0	0.0	0.0	0.0	0.0	0.0	0.0	0.0	0.0	0.0	5.925324675324675	0.0
SRR21860279	1000.0	0.0	0.07243934402282617	0.0	0.0	0.0	0.0	0.0	0.0	0.0	0.05946062821873649	0.0	0.0	0.0	4.061099762556651	0.0
ERR4179825	1000.0	0.0	0.0	0.0	0.0	0.0	0.0	0.0	0.0	0.0	0.0	0.0	0.0	0.0	0.0	0.0
SRR6987550	1000.0	0.0	0.0	0.0	0.0	0.0	0.0	0.0	0.0	0.0	0.0	0.0	0.0	0.0	3.1901226480502114	0.0
SRR8543669	1000.0	0.0	0.0	0.0	0.0	0.0	0.0	0.0	0.0	0.0	0.0	0.0	0.0	0.0	0.0	0.0
SRR4142417	1000.0	0.0	15.249117192672701	0.0	0.0	0.0	0.0	0.0	0.0	0.0	10.947319825268346	0.0	0.0	0.0	6.339770962732919	0.0
SRR10145194	1000.0	0.0	3.0318255054486234	0.0	0.0	0.0	0.0	0.0	0.0	0.0	0.0	0.0	0.0	0.0	0.0	0.0
SRR21860275	1000.0	0.0	2.3665797777472903	0.0	0.0	0.0	0.0	0.0	0.0	0.0	9.478146968096251	0.0	0.0	0.0	3.0922504136789852	0.0
SRR6987781	1000.0	0.0	0.0	0.0	0.0	0.0	0.0	0.0	0.0	0.0	0.0	0.0	0.0	0.0	0.0	0.0
SRR6056324	1000.0	0.0	0.0	0.0	0.0	0.0	0.0	0.0	0.0	0.0	0.0	0.0	0.0	0.0	0.0	0.0
SRR6987320	1000.0	0.0	0.0	0.0	0.0	0.0	0.0	0.0	0.0	0.0	0.0	0.0	0.0	0.0	6.424889543446243	0.0
SRR6987551	1000.0	0.0	0.0	0.0	0.0	0.0	0.0	0.0	0.0	0.0	0.0	0.0	0.0	0.0	2.1432860470113613	0.0
ERR4179833	1000.0	0.0	0.0	0.0	0.0	0.0	0.0	0.0	0.0	0.0	0.0	0.0	0.0	0.0	0.0	0.0
SRR6987786	1000.0	0.0	0.0	0.0	0.0	0.0	0.0	0.0	0.0	0.0	0.0	0.0	0.0	0.0	4.332552693208431	0.0
SRR8543790	1000.0	0.0	0.0	0.0	0.0	0.0	0.0	0.0	0.0	0.0	0.0	0.0	0.0	0.0	5.218202922768989	0.0
SRR10917427	1000.0	0.0	0.0	0.0	0.0	0.0	0.0	0.0	0.0	0.0	0.0	0.0	0.0	0.0	0.0	0.0
SRR6056339	1000.0	0.0	0.0	0.0	0.0	0.0	0.0	0.0	0.0	0.0	0.0	0.0	0.0	0.0	0.0	0.0
SRR8543778	1000.0	0.0	0.0	0.0	0.0	0.0	0.0	0.0	0.0	0.0	0.0	0.0	0.0	0.0	0.0	0.0
SRR6987439	1000.0	0.0	0.0	0.0	0.0	0.0	0.0	0.0	0.0	0.0	0.0	0.0	0.0	0.0	10.501419110690634	0.0
SRR8543792	1000.0	0.0	0.0	0.0	0.0	0.0	0.0	0.0	0.0	0.0	0.0	0.0	0.0	0.0	7.259316770186335	0.0
SRR8543657	1000.0	0.0	0.0	0.0	0.0	0.0	0.0	0.0	0.0	0.0	0.0	0.0	0.0	0.0	0.0	0.0
SRR8543672	1000.0	0.0	0.0	0.0	0.0	0.0	0.0	0.0	0.0	0.0	0.0	0.0	0.0	0.0	0.0	0.0
SRR21860283	1000.0	0.0	0.0	0.0	0.0	0.0	0.0	0.0	0.0	0.0	0.09825809902555875	0.0	0.0	0.0	4.7108265664758395	0.0
SRR6988750	1000.0	0.0	0.0	0.0	0.0	0.0	0.0	0.0	0.0	0.0	0.0	0.0	0.0	0.0	4.168052552802261	0.0
SRR6987410	1000.0	0.0	0.0	0.0	0.0	0.0	0.0	0.0	0.0	0.0	0.0	0.0	0.0	0.0	14.214992927864214	0.0
SRR6987783	1000.0	0.0	0.0	0.0	0.0	0.0	0.0	0.0	0.0	0.0	0.0	0.0	0.0	0.0	7.589285714285714	0.0
SRR15809224	1000.0	0.0	0.0	0.0	0.0	0.0	0.0	0.0	0.0	0.0	0.0	0.0	0.0	0.0	0.0	0.0
SRR7974395	1000.0	0.0	0.0	0.0	0.0	0.0	0.0	0.0	0.0	0.0	19.191790617848973	0.0	0.0	0.0	0.0	0.0
SRR8543667	1000.0	0.0	0.0	0.0	0.0	0.0	0.0	0.0	0.0	0.0	0.0	0.0	0.0	0.0	0.0	0.0
SRR6987775	1000.0	0.0	0.0	0.0	0.0	0.0	0.0	0.0	0.0	0.0	0.0	0.0	0.0	0.0	1.9061351248573963	0.0
SRR11108969	1000.0	0.0	0.0	0.0	0.0	0.0	0.0	0.0	0.0	0.0	0.0	0.0	0.0	0.0	2.0964962665134976	0.0
SRR15809223	1000.0	0.0	0.0	0.0	0.0	0.0	0.0	0.0	0.0	0.0	0.0	0.0	0.0	0.0	0.0	0.0
SRR4140277	1000.0	0.0452707004667539	3.1436709765745854	0.0	0.0	0.0	0.0	0.0	0.0	0.0	3.683109145317914	0.0	0.0	0.05375895680427026	11.650724342523516	0.0
SRR15809226	1000.0	0.0	0.0	0.0	0.0	0.0	0.0	0.0	0.0	0.0	4.516031913292187	0.0	0.0	0.0	0.0	0.0
SRR8543784	1000.0	0.0	0.0	0.0	0.0	0.0	0.0	0.0	0.0	0.0	0.0	0.0	0.0	0.0	0.0	0.0
SRR6987407	1000.0	0.0	0.0	0.0	0.0	0.0	0.0	0.0	0.0	0.0	0.0	0.0	0.0	0.0	4.434523809523809	0.0
SRR6056336	1000.0	0.0	0.0	0.0	0.0	0.0	0.0	0.0	0.0	0.0	24.56140350877193	0.0	0.0	0.0	0.0	0.0
SRR14517502	1000.0	0.0	0.0	0.0	0.0	0.0	0.0	0.0	0.0	0.0	0.0	0.0	0.0	0.0	0.6291789331869668	0.0
SRR8543656	1000.0	0.0	0.0	0.0	0.0	0.0	0.0	0.0	0.0	0.0	0.0	0.0	0.0	0.0	0.0	0.0
SRR6988745	1000.0	0.0	0.0	0.0	0.0	0.0	0.0	0.0	0.0	0.0	0.0	0.0	0.0	0.0	7.283464566929133	0.0
SRR6050776	1000.0	0.0	0.0	0.0	0.0	0.0	0.0	0.0	0.0	0.0	5.8314444908387735	0.0	0.0	0.0	3.6360226704450738	0.0
ERR4179826	1000.0	0.0	0.0	0.0	0.0	0.0	0.0	0.0	0.0	0.0	0.0	0.0	0.0	0.0	0.0	0.0
SRR8543668	1000.0	0.0	0.0	0.0	0.0	0.0	0.0	0.0	0.0	0.0	0.0	0.0	0.0	0.0	0.0	0.0
SRR10143422	1000.0	0.0	0.0	0.0	0.0	0.0	0.0	0.0	0.0	0.0	0.0	0.0	0.0	0.0	1.0165026344567054	0.0
SRR8543711	1000.0	0.0	0.0	0.0	0.0	0.0	0.0	0.0	0.0	0.0	0.0	0.0	0.0	0.0	4.9330357142857135	0.0
SRR6987409	1000.0	0.0	0.0	0.0	0.0	0.0	0.0	0.0	0.0	0.0	0.0	0.0	0.0	0.0	4.861111111111111	0.0
SRR8543700	1000.0	0.0	0.0	0.0	0.0	0.0	0.0	0.0	0.0	0.0	0.0	0.0	0.0	0.0	7.1428571428571415	0.0
SRR6988747	1000.0	0.0	0.0	0.0	0.0	0.0	0.0	0.0	0.0	0.0	0.0	0.0	0.0	0.0	5.702554744525546	0.0
SRR10145185	1000.0	0.0	0.0	0.0	0.0	0.0	0.0	0.0	0.0	0.0	0.0	0.0	0.0	0.0	4.721391174270755	0.0
SRR21860273	1000.0	0.0	0.0	0.0	0.0	0.0	0.0	0.0	0.0	0.0	0.0	0.0	0.0	0.0	1.0816541734365426	0.0
SRR21860271	1000.0	0.0	0.22176620945386472	0.0	0.0	0.0	0.0	0.0	0.0	0.0	1.346590660436859	0.0	0.0	0.0	6.1151392924063535	0.0
SRR4142433	1000.0	0.0	0.0	0.0	0.0	0.0	0.0	0.0	0.0	0.0	0.0	0.0	0.0	0.0	0.0	0.0
SRR4142459	1000.0	0.0	4.186508974828614	0.0	0.0	0.0	0.0	0.0	0.0	0.0	13.083703204542152	0.0	0.0	0.0	0.42078687144961074	0.0
SRR8543710	1000.0	0.0	0.0	0.0	0.0	0.0	0.0	0.0	0.0	0.0	0.0	0.0	0.0	0.0	0.0	0.0
SRR21860274	1000.0	0.0	4.260144336233481	0.0	0.0	0.0	0.0	0.0	0.0	0.0	19.05793319415449	0.0	0.0	0.0	3.2114098248902905	0.0
SRR8543659	1000.0	0.0	0.0	0.0	0.0	0.0	0.0	0.0	0.0	0.0	0.0	0.0	0.0	0.0	0.0	0.0
ERR4179832	1000.0	0.0	0.0	0.0	0.0	0.0	0.0	0.0	0.0	0.0	0.0	0.0	0.0	0.0	0.0	0.0
SRR21860277	1000.0	0.0	0.0	0.0	0.0	0.0	0.0	0.0	0.0	0.0	25.933514636402677	0.0	0.0	0.0	4.6878720653178245	0.0
SRR14517501	1000.0	0.0	0.0	0.0	0.0	0.0	0.0	0.0	0.0	0.0	0.0	0.0	0.0	0.0	0.0	0.0
SRR8543781	1000.0	0.0	0.0	0.0	0.0	0.0	0.0	0.0	0.0	0.0	0.0	0.0	0.0	0.0	8.388704318936878	0.0
SRR6988746	1000.0	0.0	0.0	0.0	0.0	0.0	0.0	0.0	0.0	0.0	0.0	0.0	0.0	0.0	3.6955582488963725	0.0
SRR6987779	1000.0	0.0	0.0	0.0	0.0	0.0	0.0	0.0	0.0	0.0	0.0	0.0	0.0	0.0	0.0	0.0
SRR6987547	1000.0	0.0	0.0	0.0	0.0	0.0	0.0	0.0	0.0	0.0	0.0	0.0	0.0	0.0	1.7532606963707362	0.0
SRR6056335	1000.0	0.0	0.0	0.0	0.0	0.0	0.0	0.0	0.0	0.0	12.052341597796143	0.0	0.0	0.0	2.5826446280991733	0.0
SRR10916888	1000.0	0.0	0.0	0.0	0.0	0.0	0.0	0.0	0.0	0.0	0.0	0.0	0.0	0.0	0.0	0.0
SRR8543694	1000.0	0.0	0.0	0.0	0.0	0.0	0.0	0.0	0.0	0.0	0.0	0.0	0.0	0.0	12.071428571428571	0.0
SRR8543787	1000.0	0.0	0.0	0.0	0.0	0.0	0.0	0.0	0.0	0.0	0.0	0.0	0.0	0.0	2.940993192558634	0.0
SRR6987545	1000.0	0.0	0.0	0.0	0.0	0.0	0.0	0.0	0.0	0.0	0.0	0.0	0.0	0.0	0.0	0.0
SRR8543782	1000.0	0.0	0.0	0.0	0.0	0.0	0.0	0.0	0.0	0.0	0.0	0.0	0.0	0.0	4.9651082345138295	0.0
SRR10916864	1000.0	0.0	0.0	0.0	0.0	0.0	0.0	0.0	0.0	0.0	0.0	0.0	0.0	0.0	0.0	0.0
SRR14517507	1000.0	0.0	0.0	0.0	0.0	0.0	0.0	0.0	0.0	0.0	0.0	0.0	0.0	0.0	0.0	0.0
ERR4179831	1000.0	0.0	0.0	0.0	0.0	0.0	0.0	0.0	0.0	0.0	0.0	0.0	0.0	0.0	0.0	0.0
SRR6987321	1000.0	0.0	0.0	0.0	0.0	0.0	0.0	0.0	0.0	0.0	0.0	0.0	0.0	0.0	5.488929889298891	0.0
SRR8543788	1000.0	0.0	0.0	0.0	0.0	0.0	0.0	0.0	0.0	0.0	0.0	0.0	0.0	0.0	2.5830262919197535	0.0
SRR8543695	1000.0	0.0	0.0	0.0	0.0	0.0	0.0	0.0	0.0	0.0	0.0	0.0	0.0	0.0	62.77363728256112	0.0
SRR8543603	1000.0	0.0	0.0	0.0	0.0	0.0	0.0	0.0	0.0	0.0	0.0	0.0	0.0	0.0	0.0	0.0
SRR8543696	1000.0	0.0	0.0	0.0	0.0	0.0	0.0	0.0	0.0	0.0	0.0	0.0	0.0	0.0	0.0	0.0
SRR4142418	1000.0	0.0	3.678317142505292	0.0	0.0	0.0	0.0	0.0	0.0	0.0	8.136417570761692	0.0	0.0	0.06469897116728059	11.94496665730305	0.0
SRR8543789	1000.0	0.0	0.0	0.0	0.0	0.0	0.0	0.0	0.0	0.0	0.0	0.0	0.0	0.0	0.45140732873074874	0.0
SRR21860281	1000.0	0.0	0.2495775707363657	0.0	0.0	0.0	0.0	0.0	0.0	0.0	0.36421579119235	0.0	0.0	0.0	5.035369961518201	0.0
SRR6987408	1000.0	0.0	0.0	0.0	0.0	0.0	0.0	0.0	0.0	0.0	0.0	0.0	0.0	0.0	0.0	0.0
SRR8543604	1000.0	0.0	0.0	0.0	0.0	0.0	0.0	0.0	0.0	0.0	0.0	0.0	0.0	0.0	0.0	0.0
SRR4142283	1000.0	0.06844251640995647	4.914311647811341	0.0	0.0	0.0	0.0	0.0	0.0	0.0	16.16434485102379	0.0	0.0	0.22136876401345293	45.67337631676311	0.0
SRR8543786	1000.0	0.0	0.0	0.0	0.0	0.0	0.0	0.0	0.0	0.0	0.0	0.0	0.0	0.0	10.497100239189308	0.0
SRR8543702	1000.0	0.0	0.0	0.0	0.0	0.0	0.0	0.0	0.0	0.0	0.0	0.0	0.0	0.0	7.699692780337942	0.0
SRR8543655	1000.0	0.0	0.0	0.0	0.0	0.0	0.0	0.0	0.0	0.0	0.0	0.0	0.0	0.0	0.0	0.0
SRR8543697	1000.0	0.0	0.0	0.0	0.0	0.0	0.0	0.0	0.0	0.0	0.0	0.0	0.0	0.0	0.0	0.0
SRR6987470	1000.0	0.0	0.0	0.0	0.0	0.0	0.0	0.0	0.0	0.0	0.0	0.0	0.0	0.0	3.2830523513753325	0.0
SRR6988715	1000.0	0.0	0.0	0.0	0.0	0.0	0.0	0.0	0.0	0.0	0.0	0.0	0.0	0.0	10.4064039408867	0.0
SRR8543777	1000.0	0.0	0.0	0.0	0.0	0.0	0.0	0.0	0.0	0.0	0.0	0.0	0.0	0.0	4.9070847851335655	0.0
SRR8543670	1000.0	0.0	0.0	0.0	0.0	0.0	0.0	0.0	0.0	0.0	0.0	0.0	0.0	0.0	0.0	0.0
SRR8543658	1000.0	0.0	0.0	0.0	0.0	0.0	0.0	0.0	0.0	0.0	0.0	0.0	0.0	0.0	0.0	0.0
SRR8543793	1000.0	0.0	0.0	0.0	0.0	0.0	0.0	0.0	0.0	0.0	0.0	0.0	0.0	0.0	0.943181818181818	0.0
ERR4179830	1000.0	0.0	0.0	0.0	0.0	0.0	0.0	0.0	0.0	0.0	0.0	0.0	0.0	0.0	0.0	0.0
SRR21860269	1000.0	0.0	0.0	0.0	0.0	0.0	0.0	0.0	0.0	0.0	0.310264449837004	0.0	0.0	0.0	4.566978255218226	0.0
SRR6056338	1000.0	0.0	0.0	0.0	0.0	0.0	0.0	0.0	0.0	0.0	0.0	0.0	0.0	0.0	0.0	0.0
SRR8543698	1000.0	0.0	0.0	0.0	0.0	0.0	0.0	0.0	0.0	0.0	0.0	0.0	0.0	0.0	0.0	0.0
SRR8543671	1000.0	0.0	0.0	0.0	0.0	0.0	0.0	0.0	0.0	0.0	0.0	0.0	0.0	0.0	0.0	0.0
SRR6988717	1000.0	0.0	0.0	0.0	0.0	0.0	0.0	0.0	0.0	0.0	0.0	0.0	0.0	0.0	10.085894517500746	0.0
SRR10917425	1000.0	0.0	0.0	0.0	0.0	0.0	0.0	0.0	0.0	0.0	0.0	0.0	0.0	0.0	0.0	0.0
SRR14517505	1000.0	0.0	0.0	0.0	0.0	0.0	0.0	0.0	0.0	0.0	0.0	0.0	0.0	0.0	7.273320287018916	0.0
SRR21860282	1000.0	0.0	0.0	0.0	0.0	0.0	0.0	0.0	0.0	0.0	0.5925665170582887	0.0	0.0	0.0	2.1588061457730428	0.0
SRR21860284	1000.0	0.0	0.0	0.0	0.0	0.0	0.0	0.0	0.0	0.0	0.0	0.0	0.0	0.0	0.6097420289389841	0.0
SRR6050641	1000.0	0.0	0.0	0.0	0.0	0.0	0.0	0.0	0.0	0.0	42.4337231968811	0.0	0.0	0.0	0.0	0.0
SRR4142282	1000.0	0.0	3.742265367371892	0.0	0.0	0.0	0.0	0.0	0.0	0.0	18.599921086121075	0.0	0.0	0.20943928334439282	2.041806346716765	0.0
SRR5166355	1000.0	0.0	1.4572254972467045	0.0	0.0	0.0	0.0	0.0	0.0	0.0	12.854190944135558	0.0	0.0	0.4485522233712512	1.4097355591667893	0.0
SRR8543783	1000.0	0.0	0.0	0.0	0.0	0.0	0.0	0.0	0.0	0.0	0.0	0.0	0.0	0.0	0.0	0.0
SRR6987544	1000.0	0.0	0.0	0.0	0.0	0.0	0.0	0.0	0.0	0.0	0.0	0.0	0.0	0.0	0.0	0.0
SRR8543661	1000.0	0.0	0.0	0.0	0.0	0.0	0.0	0.0	0.0	0.0	0.0	0.0	0.0	0.0	0.0	0.0
SRR4140275	1000.0	0.07423822714681441	23.628105797488644	0.0	0.0	0.0	0.0	0.0	0.0	0.0	12.767415974389559	0.0	0.0	0.1763157894736842	3.3413757527956847	0.0
SRR21860272	1000.0	0.0	0.0	0.0	0.0	0.0	0.0	0.0	0.0	0.0	0.05209726308282072	0.0	0.0	0.0	0.8198547417543811	0.0
SRR8543785	1000.0	0.0	0.0	0.0	0.0	0.0	0.0	0.0	0.0	0.0	0.0	0.0	0.0	0.0	2.8321812596006146	0.0
SRR7974393	1000.0	0.0	2.5930356623233863	0.0	0.0	0.0	0.0	0.0	0.0	0.0	14.608365846177989	0.0	0.0	0.0	8.214649191447098	0.0
SRR8543699	1000.0	0.0	0.0	0.0	0.0	0.0	0.0	0.0	0.0	0.0	0.0	0.0	0.0	0.0	78.7830212875096	0.0
SRR8543791	1000.0	0.0	0.0	0.0	0.0	0.0	0.0	0.0	0.0	0.0	0.0	0.0	0.0	0.0	0.0	0.0
SRR6988748	1000.0	0.0	0.0	0.0	0.0	0.0	0.0	0.0	0.0	0.0	0.0	0.0	0.0	0.0	6.560310449468549	0.0
SRR8543693	1000.0	0.0	0.0	0.0	0.0	0.0	0.0	0.0	0.0	0.0	0.0	0.0	0.0	0.0	0.0	0.0
SRR15809225	1000.0	0.0	0.0	0.0	0.0	0.0	0.0	0.0	0.0	0.0	0.0	0.0	0.0	0.0	0.0	0.0
SRR10127271	1000.0	0.0	0.0	0.0	0.0	0.0	0.0	0.0	0.0	0.0	9.251214134660161	0.0	0.0	0.0	1.9447507445055878	0.0
SRR10917426	1000.0	0.0	0.0	0.0	0.0	0.0	0.0	0.0	0.0	0.0	6.903573468424841	0.0	0.0	0.0	0.0	0.0
SRR6056328	1000.0	0.0	0.0	0.0	0.0	0.0	0.0	0.0	0.0	0.0	0.0	0.0	0.0	0.0	0.0	0.0
SRR21860270	1000.0	0.0	0.2555784423379608	0.0	0.0	0.0	0.0	0.0	0.0	0.0	0.06992910158413648	0.0	0.0	0.0	2.8265136350009072	0.0
SRR8543662	1000.0	0.0	0.0	0.0	0.0	0.0	0.0	0.0	0.0	0.0	0.0	0.0	0.0	0.0	0.0	0.0
SRR10127267	1000.0	0.0	0.7551710642374397	0.0	0.0	0.0	0.0	0.0	0.0	0.0	0.0652494296731472	0.0	0.0	0.0	0.06641459806016768	0.0
SRR8543517	1000.0	0.0	0.0	0.0	0.0	0.0	0.0	0.0	0.0	0.0	0.0	0.0	0.0	0.0	0.0	0.0
SRR4142430	1000.0	0.05016642749537041	11.708895107802697	0.0	0.0	0.0	0.0	0.0	0.0	0.0	10.387159677101055	0.0	0.0	0.059572632650752355	0.476764408626334	0.0
SRR8543665	1000.0	0.0	0.0	0.0	0.0	0.0	0.0	0.0	0.0	0.0	0.0	0.0	0.0	0.0	0.0	0.0
SRR8543779	1000.0	0.0	0.0	0.0	0.0	0.0	0.0	0.0	0.0	0.0	0.0	0.0	0.0	0.0	0.0	0.0
SRR10143174	1000.0	0.0	0.0	0.0	0.0	0.0	0.0	0.0	0.0	0.0	0.9637367199331098	0.0	0.0	0.0	0.1444052335452941	0.0
SRR6056327	1000.0	0.0	0.0	0.0	0.0	0.0	0.0	0.0	0.0	0.0	0.0	0.0	0.0	0.0	0.0	0.0
SRR6987261	1000.0	0.0	0.0	0.0	0.0	0.0	0.0	0.0	0.0	0.0	0.0	0.0	0.0	0.0	0.0	0.0
SRR14517503	1000.0	0.0	0.0	0.0	0.0	0.0	0.0	0.0	0.0	0.0	0.0	0.0	0.0	0.0	7.621951219512194	0.0
SRR6056321	1000.0	0.0	0.0	0.0	0.0	0.0	0.0	0.0	0.0	0.0	0.0	0.0	0.0	0.0	0.0	0.0
SRR8543653	1000.0	0.0	0.0	0.0	0.0	0.0	0.0	0.0	0.0	0.0	0.0	0.0	0.0	0.0	0.0	0.0
SRR6987778	1000.0	0.0	0.0	0.0	0.0	0.0	0.0	0.0	0.0	0.0	0.0	0.0	0.0	0.0	1.0703194321206742	0.0
SRR10916863	1000.0	0.0	0.0	0.0	0.0	0.0	0.0	0.0	0.0	0.0	0.0	0.0	0.0	0.0	0.0	0.0
ERR4179834	1000.0	0.0	0.0	0.0	0.0	0.0	0.0	0.0	0.0	0.0	0.0	0.0	0.0	0.0	0.0	0.0
SRR14517506	1000.0	0.0	0.0	0.0	0.0	0.0	0.0	0.0	0.0	0.0	0.0	0.0	0.0	0.0	0.0	0.0
SRR8543709	1000.0	0.0	0.0	0.0	0.0	0.0	0.0	0.0	0.0	0.0	0.0	0.0	0.0	0.0	3.6038961038961035	0.0
SRR6988716	1000.0	0.0	0.0	0.0	0.0	0.0	0.0	0.0	0.0	0.0	0.0	0.0	0.0	0.0	5.397217235188509	0.0
SRR21860268	1000.0	0.0	0.0	0.0	0.0	0.0	0.0	0.0	0.0	0.0	0.3813266202025707	0.0	0.0	0.0	2.308252837458669	0.0
SRR8543663	1000.0	0.0	0.0	0.0	0.0	0.0	0.0	0.0	0.0	0.0	0.0	0.0	0.0	0.0	0.0	0.0
SRR8543666	1000.0	0.0	0.0	0.0	0.0	0.0	0.0	0.0	0.0	0.0	0.0	0.0	0.0	0.0	0.0	0.0
SRR8543780	1000.0	0.0	0.0	0.0	0.0	0.0	0.0	0.0	0.0	0.0	0.0	0.0	0.0	0.0	3.6402301726294715	0.0
SRR6987276	1000.0	0.0	0.0	0.0	0.0	0.0	0.0	0.0	0.0	0.0	0.0	0.0	0.0	0.0	0.0	0.0
SRR6987548	1000.0	0.0	0.0	0.0	0.0	0.0	0.0	0.0	0.0	0.0	0.0	0.0	0.0	0.0	4.16818303049762	0.0
SRR6987780	1000.0	0.0	0.0	0.0	0.0	0.0	0.0	0.0	0.0	0.0	0.0	0.0	0.0	0.0	0.0	0.0
SRR8543692	1000.0	0.0	0.0	0.0	0.0	0.0	0.0	0.0	0.0	0.0	0.0	0.0	0.0	0.0	28.83928571428571	0.0
SRR6942518	1000.0	0.0	0.0	0.0	0.0	0.0	0.0	0.0	0.0	0.0	0.0	0.0	0.0	0.0	0.0	0.0
SRR8543701	1000.0	0.0	0.0	0.0	0.0	0.0	0.0	0.0	0.0	0.0	0.0	0.0	0.0	0.0	10.416666666666664	0.0
SRR8543712	1000.0	0.0	0.0	0.0	0.0	0.0	0.0	0.0	0.0	0.0	0.0	0.0	0.0	0.0	0.0	0.0
SRR21860278	1000.0	0.0364456959130895	0.14060268474085286	0.0	0.0	0.0	0.0	0.0	0.0	0.0	0.05770568519572503	0.0	0.0	0.0	2.2010597067512263	0.0
SRR14517500	1000.0	0.0	0.0	0.0	0.0	0.0	0.0	0.0	0.0	0.0	0.0	0.0	0.0	0.0	0.0	0.0
SRR6942514	1000.0	0.0	0.0	0.0	0.0	0.0	0.0	0.0	0.0	0.0	2.6617805478608805	0.0	0.0	0.0	0.0	0.0
SRR10143175	1000.0	0.0	0.7553782934493595	0.0	0.0	0.0	0.0	0.0	0.0	0.0	0.0	0.0	0.0	0.0	0.2657312925170068	0.0
SRR14517508	1000.0	0.0	0.0	0.0	0.0	0.0	0.0	0.0	0.0	0.0	0.0	0.0	0.0	0.0	0.0	0.0
SRR11108970	1000.0	0.0	0.0	0.0	0.0	0.0	0.0	0.0	0.0	0.0	0.0	0.0	0.0	0.0	0.0	0.0
SRR6056323	1000.0	0.0	0.0	0.0	0.0	0.0	0.0	0.0	0.0	0.0	50.57471264367816	0.0	0.0	0.0	21.674876847290637	0.0
SRR6056322	1000.0	0.0	0.0	0.0	0.0	0.0	0.0	0.0	0.0	0.0	47.368421052631575	0.0	0.0	0.0	78.57142857142856	0.0
SRR14517504	1000.0	0.0	0.0	0.0	0.0	0.0	0.0	0.0	0.0	0.0	0.0	0.0	0.0	0.0	1.1202307009760426	0.0
SRR6987777	1000.0	0.0	0.0	0.0	0.0	0.0	0.0	0.0	0.0	0.0	0.0	0.0	0.0	0.0	2.1246416054198622	0.0
SRR4140276	1000.0	0.082938303911685	8.71483701000954	0.0	0.0	0.0	0.0	0.0	0.0	0.0	25.913362406679564	0.0	0.0	0.3576714356191415	4.251563154368358	0.0
SRR10917428	1000.0	0.0	0.0	0.0	0.0	0.0	0.0	0.0	0.0	0.0	0.0	0.0	0.0	0.0	0.0	0.0
SRR8543691	1000.0	0.0	0.0	0.0	0.0	0.0	0.0	0.0	0.0	0.0	0.0	0.0	0.0	0.0	43.154761904761905	0.0
SRR6987782	1000.0	0.0	0.0	0.0	0.0	0.0	0.0	0.0	0.0	0.0	0.0	0.0	0.0	0.0	9.70824970411138	0.0
SRR8543690	1000.0	0.0	0.0	0.0	0.0	0.0	0.0	0.0	0.0	0.0	0.0	0.0	0.0	0.0	0.0	0.0
