	reference	I	II	III	IV	V	VI	VII	VIII	IX	X	XI	XII	XIII	MHET_I	MHET_II
SRR19161323	1000.0	0.0	2.3341387183295277	0.0	0.0	0.0	0.0	0.15115888478333891	0.0	0.0	6.6632096069869	0.0	0.0	0.0	2.506381900952897	0.0
SRR19161318	1000.0	0.0	7.36757776013042	0.0	0.0	0.0	0.0	0.0	0.0	0.0	12.341127364887399	0.0	0.0	0.0	1.482894751427972	0.0
SRR19161316	1000.0	0.0	3.3627230761067577	0.0	0.0	0.0	0.0	0.0	0.0	0.0	5.54091777755827	0.0	0.0	0.0	2.7308831532788265	0.0
SRR23651775	1000.0	0.1943695761632556	22.745515884011436	0.0	0.0	0.07669827512153389	0.0	0.0	0.0	0.0	4.738451197380875	0.0	0.0	0.0	2.256804835859255	0.0
SRR15646761	1000.0	1.3662265954057977	14.494485199990443	0.0	0.0	0.0	0.0	0.0	0.0	0.0	6.076693714259037	0.0	0.0	0.8111970410221924	0.9320755947113161	0.0
SRR22703648	1000.0	1.207286508955315	5.12330721566824	0.0	0.0	0.0	0.0	0.0	0.0	0.0	8.016334123494781	0.0	0.0	0.28673054587688734	0.6556772104539706	0.0
SRR17012561	1000.0	0.0	0.36181394165839753	0.0	0.0	0.0	0.0	0.0	0.0	0.0	15.56796459734231	0.0	0.0	3.7866090331686664	10.0572537011191	0.0
SRR14458744	1000.0	0.0	10.001586294416242	0.0	0.0	0.0	0.0	0.0	0.0	0.0	28.758616477798334	0.0	0.0	8.9990234375	1.662547831632653	0.0
SRR17036902	1000.0	0.0	0.0	0.0	0.0	0.0	0.0	0.0	0.0	0.0	12.432351719123298	0.0	0.0	0.0	2.6187508347059603	0.0
SRR23026122	1000.0	0.4314737499589072	14.148834643322541	0.0	0.0	0.0	0.0	0.0	0.0	0.0	2.4715284398274466	0.0	0.0	0.0	5.567134600569437	0.0
SRR16915456	1000.0	0.032104113159811404	5.139917406398232	0.0	0.0	0.0	0.0	0.0	0.0	0.0	2.3972026084538363	0.0	0.0	0.03812363437727605	2.2935595650315075	0.0
SRR22703643	1000.0	2.818398505443535	17.396815140199692	0.0	0.0	0.0	0.0	0.0	0.0	0.0	4.462901261294194	0.0	0.0	0.0	2.681598834462466	0.0
SRR5278468	1000.0	0.0	7.7687044802471865	0.0	0.0	0.0	0.0	0.0	0.0	0.0	0.0	0.0	0.0	0.0	3.7750126512239417	0.0
SRR15646754	1000.0	0.0	9.679785702598007	0.0	0.0	0.0	0.0	0.0	0.0	0.0	1.5473716889107954	0.0	0.0	0.0	2.2738083084668017	0.0
SRR15947148	1000.0	0.0	14.274726965082293	0.0	0.0	0.0	0.0	0.0	0.0	0.0	7.766973836089651	0.0	0.0	0.0	2.094605972523387	0.0
SRR17036901	1000.0	0.18729255571360837	0.36127498056432067	0.0	0.0	0.0	0.0	0.0	0.0	0.0	12.113926426426426	0.0	0.0	0.0	2.2883293013454593	0.0
SRR22703645	1000.0	0.4809754304270572	4.174964396092729	0.0	0.0	0.0	0.0	0.0	0.0	0.0	3.389840908992909	0.0	0.0	0.0	1.8407987680522113	0.0
SRR22703654	1000.0	1.5549566093060447	7.998423168004021	0.0	0.0	0.0	0.0	0.0	0.0	0.0	4.3883053754311225	0.0	0.0	0.0	1.2329016588383988	0.0
SRR17710023	1000.0	0.47442550037064496	5.033245156216486	0.0	0.0	0.0	0.0	0.0	0.0	0.0	4.635532493204844	0.0	0.0	0.28169014084507044	3.2193158953722327	0.0
SRR14458710	1000.0	1.1135377895352059	13.961615939857653	0.0	0.0	0.0	0.0	0.0	0.0	0.0	11.767489510976676	0.0	0.0	0.6611630625365283	2.6487219894384646	0.0
SRR19161320	1000.0	0.0	7.179553613129106	0.0	0.0	0.0	0.0	0.0	0.0	0.0	2.632303559435863	0.0	0.0	0.29466084620550703	2.021438398128982	0.0
SRR22703652	1000.0	1.308336921599152	7.066347637469531	0.0	0.0	0.0	0.0	0.0	0.0	0.0	5.044598698610284	0.0	0.0	0.0	0.8878000539422817	0.0
SRR16915478	1000.0	0.0	3.475507485984615	0.0	0.0	0.0	0.0	0.0	0.0	0.0	3.1203471663276536	0.0	0.0	0.0	3.303822519704111	0.0
SRR15947147	1000.0	0.7947414227474692	21.4620526346017	0.0	0.0	0.0	0.0	0.0	0.0	0.0	24.842292306047973	0.0	0.0	0.0	2.6964441128931984	0.0
SRR16915452	1000.0	0.039394307620544626	6.307088641380596	0.0	0.0	0.0	0.0	0.0	0.0	0.0	1.6227171880696005	0.0	0.0	0.09356148059879348	2.4602893396701826	0.0
SRR23651774	1000.0	0.12157505696659814	12.077278501707235	0.0	0.0	0.0	0.0	0.0	0.0	0.0	2.354603298131145	0.0	0.0	0.07218519007391763	2.834817916244736	0.0
SRR23345824	1000.0	0.0	0.0	0.0	0.0	0.0	0.0	0.0	0.0	0.0	0.0	0.0	0.0	0.0	0.0	0.0
SRR16915459	1000.0	0.0	3.1466048866936926	0.0	0.0	0.0	0.0	0.0	0.0	0.0	2.2453893681079777	0.0	0.0	0.0	3.675147559889322	0.0
SRR20079015	1000.0	0.0	4.497367047772665	0.0	0.0	0.0	0.0	0.0	0.0	0.0	0.4614485981308411	0.0	0.0	0.0	1.8500550105107227	0.0
SRR16915477	1000.0	0.04532516271733415	5.245754872869131	0.0	0.0	0.0	0.0	0.0	0.0	0.0	3.669141630027797	0.0	0.0	0.0	2.4195947728612013	0.0
SRR16915473	1000.0	0.08469327800039171	4.655980714437778	0.0	0.0	0.0	0.0	0.0	0.0	0.0	2.803241258720043	0.0	0.0	0.0	3.568819351355242	0.0
SRR16915470	1000.0	0.0	5.714360909428859	0.0	0.0	0.0	0.0	0.0	0.0	0.0	1.351027756757241	0.0	0.0	0.0	2.9888670898864382	0.0
SRR16915472	1000.0	0.03409833748520345	5.590742643513052	0.0	0.0	0.0	0.0	0.0	0.0	0.0	1.6400348256773511	0.0	0.0	0.08098355152735819	3.6390675661503775	0.0
SRR14458750	1000.0	1.304617336274128	5.5363456503815796	0.0	0.0	0.0	0.0	0.0	0.0	0.0	23.468408853240764	0.0	0.0	4.957545877841687	2.3036249664477237	0.0
SRR17710033	1000.0	0.0	11.361805577263885	0.0	0.0	0.0	0.0	0.0	0.0	0.0	5.734214010411372	0.0	0.0	0.0	5.774127486441457	0.0
SRR23026120	1000.0	0.3869491855409176	10.698392033398637	0.0	0.0	0.0	0.0	0.0	0.0	0.0	5.4460485877521485	0.0	0.0	0.0	6.156416409260731	0.0
SRR15646762	1000.0	1.3603134487847077	11.807796941227664	0.0	0.0	0.0	0.0	0.0	0.0	0.0	11.820477431903216	0.0	0.0	0.0	0.9267985783806171	0.0
SRR16915458	1000.0	0.042960206777061374	4.143370196772417	0.0	0.0	0.0	0.0	0.0	0.0	0.0	1.7863199347647865	0.0	0.0	0.0	3.917819104154105	0.0
SRR22703647	1000.0	0.290278169422927	9.518766367878722	0.0	0.0	0.0	0.0	0.0	0.0	0.0	5.240726950692837	0.0	0.0	0.0	1.6060567947675333	0.0
SRR14458743	1000.0	0.0	12.574345392707786	0.0	0.0	0.0	0.0	0.0	0.0	0.0	6.380987079193668	0.0	0.0	4.926142697881828	3.621372772883194	0.0
SRR14458749	1000.0	0.0	13.116695697175038	0.0	0.0	0.0	0.0	0.0	0.0	0.0	19.393063698230012	0.0	0.0	3.1057560725282243	3.551347236152817	0.0
SRR14458754	1000.0	1.7841213202497768	5.735753821445983	0.0	0.0	0.0	0.0	0.0	0.0	0.0	38.49574032766497	0.0	0.0	9.180790960451978	0.8092760276066728	0.0
SRR15646753	1000.0	0.0	0.5904452463253219	0.0	0.0	0.0	0.0	0.0	0.0	0.0	3.2783593663454083	0.0	0.0	0.0	2.4925224327018944	0.0
SRR17710028	1000.0	0.0	14.811843303041057	0.0	0.0	0.0	0.0	0.0	0.0	0.0	1.7063936436836773	0.0	0.0	0.911854103343465	4.869770208400408	0.0
SRR16915471	1000.0	0.0	4.317919872109694	0.0	0.0	0.0	0.0	0.0	0.0	0.0	1.288323981250313	0.0	0.0	0.04027605183738683	4.194298626559331	0.0
SRR17710030	1000.0	0.0	10.6895300760729	0.0	0.0	0.0	0.0	0.0	0.0	0.0	6.469438340892702	0.0	0.0	0.0	4.515546812330494	0.0
SRR16915463	1000.0	0.025039180479299216	5.167985168976172	0.0	0.0	0.0	0.0	0.0	0.0	0.0	2.2335122681565167	0.0	0.0	0.059468053638335634	3.2198794112573554	0.0
SRR16915480	1000.0	0.0	9.755948842243257	0.0	0.0	0.0	0.0	0.0	0.0	0.0	2.406419043443377	0.0	0.0	0.16087516087516088	2.554755476750127	0.0
SRR16798123	1000.0	0.0	4.337285881455506	0.0	0.0	0.0	0.0	0.0	0.0	0.0	3.1979239996135105	0.0	0.0	0.0	1.6989804254246363	0.0
SRR19161325	1000.0	0.0	2.996984284563658	0.0	0.0	0.0	0.0	0.0	0.0	0.0	3.0061736024058803	0.0	0.0	0.0	6.52211376505334	0.0
SRR17710020	1000.0	0.0	13.75470771246111	0.0	0.0	0.0	0.0	0.0	0.0	0.0	3.1779298799672318	0.0	0.0	0.0	3.285271657745162	0.0
SRR20079013	1000.0	0.0	5.4064556869793305	0.0	0.0	0.0	0.0	0.0	0.0	0.0	2.2822966507177034	0.0	0.0	0.0	2.446781225955373	0.0
SRR14458756	1000.0	1.0937838423218542	17.93361325228218	0.0	0.0	0.0	0.0	0.0	0.0	0.0	33.66402281511191	0.0	0.0	11.689814814814817	0.3711052322163434	0.0
SRR22703646	1000.0	1.7602534765006161	6.366398994957812	0.0	0.0	0.2604736452765709	0.0	0.0	0.0	0.0	7.364775967665121	0.0	0.0	0.0	1.7949032467805395	0.0
SRR17710021	1000.0	0.0	7.47990550248297	0.0	0.0	0.0	0.0	0.0	0.0	0.0	3.3063846008050812	0.0	0.0	0.0	7.017651083341481	0.0
SRR16915464	1000.0	0.07973279596337844	4.152581150173924	0.0	0.0	0.0	0.0	0.0	0.0	0.0	1.6299118522303375	0.0	0.0	0.03156089840217064	3.4198272817151363	0.0
SRR15646756	1000.0	1.4964488416090314	15.587375751176307	0.0	0.0	0.0	0.0	0.0	0.0	0.0	4.173082846916245	0.0	0.0	0.0	2.0341763741908045	0.0
SRR14458712	1000.0	1.6849053326385273	16.25035600006701	0.0	0.0	0.0	0.0	0.0	0.0	0.0	33.82746928539008	0.0	0.0	16.00660066006601	0.0	0.0
SRR16915460	1000.0	0.0	4.24900889584535	0.0	0.0	0.0	0.0	0.0	0.0	0.0	2.800750412859721	0.0	0.0	0.023148638066414103	2.2692291378167497	0.0
SRR17710026	1000.0	0.21285608387165098	11.496389504539929	0.0	0.0	0.0	0.0	0.0	0.0	0.0	4.503793567732555	0.0	0.0	0.505533199195171	4.622017821212991	0.0
SRR23345827	1000.0	0.0	75.80372250423014	0.0	0.0	0.0	0.0	0.0	0.0	0.0	0.0	0.0	0.0	0.0	0.0	0.0
SRR16798125	1000.0	0.0	3.59498042484779	0.0	0.0	0.0	0.0	0.0	0.0	0.0	0.39345063538611924	0.0	0.0	0.0	1.8483227646660785	0.0
SRR23345822	1000.0	0.0	0.0	0.0	0.0	0.0	0.0	0.0	0.0	0.0	0.0	0.0	0.0	0.0	0.0	0.0
SRR20079021	1000.0	0.0	1.67115790353241	0.0	0.0	0.0	0.0	0.0	0.0	0.0	0.823045267489712	0.0	0.0	0.0	0.29394473838918284	0.0
SRR15646758	1000.0	0.0	12.095664641520088	0.0	0.0	0.0	0.0	0.0	0.0	0.0	10.326560041600423	0.0	0.0	0.0	5.372078423488373	0.0
SRR16915451	1000.0	0.13348387347953525	3.261433389246174	0.0	0.0	0.0	0.0	0.0	0.0	0.0	1.1158412048805861	0.0	0.0	0.0	3.878313521258637	0.0
SRR14458747	1000.0	0.0	13.945445417526633	0.0	0.0	0.0	0.0	0.0	0.0	0.0	33.12482989896723	0.0	0.0	1.7170329670329667	3.9272890484739666	0.0
SRR14458755	1000.0	0.0	6.070557219337903	0.0	0.0	0.0	0.0	0.0	0.0	0.0	29.455079768641834	0.0	0.0	9.342966970387241	0.3559225512528473	0.0
SRR5278471	1000.0	0.0	0.6030304186863097	0.0	0.0	0.0	0.0	0.0	0.0	0.0	0.0	0.0	0.0	0.0	5.795178278381992	0.0
SRR19161330	1000.0	0.0	10.178146961250626	0.0	0.0	0.0	0.0	0.0	0.0	0.0	2.675717924965262	0.0	0.0	0.16934923575729505	1.2877565818733379	0.0
SRR23725312	1000.0	0.0	1.2206514103019324	0.0	0.0	0.0	0.0	0.0	0.0	0.0	6.011708195737016	0.0	0.0	0.0	1.2889913560499249	0.0
SRR17710024	1000.0	0.24884907303720297	8.160228486397619	0.0	0.0	0.0	0.0	0.0	0.0	0.0	2.3018539255941275	0.0	0.0	0.0	3.8865515010516725	0.0
SRR14458733	1000.0	0.49188391539596665	7.59049290763319	0.0	0.0	0.0	0.0	0.0	0.0	0.0	34.499053801102505	0.0	0.0	11.098130841121495	0.0	0.0
SRR15646752	1000.0	0.0	8.033945880717217	0.0	0.0	0.704355735870624	0.0	0.0	0.0	0.0	2.6912918047630052	0.0	0.0	0.0	3.2299741602067176	0.0
SRR15646759	1000.0	0.0	20.966104470280005	0.0	0.0	0.0	0.0	0.3702996755105936	0.0	0.0	9.617041240124587	0.0	0.0	0.0	3.1302360406721323	0.0
SRR23345826	1000.0	0.0	0.0	0.0	0.0	0.0	0.0	0.0	0.0	0.0	0.0	0.0	0.0	0.0	0.0	0.0
SRR17036903	1000.0	0.0	2.790549339569989	0.0	0.0	0.0	0.0	0.0	0.0	0.0	9.704952006980802	0.0	0.0	0.0	1.965994435410341	0.0
SRR15646751	1000.0	0.30893778421256557	19.665379766627265	0.0	0.0	0.0	0.0	0.0	0.0	0.0	9.40252535129787	0.0	0.0	0.0	2.7297889990369977	0.0
SRR16915453	1000.0	0.0	4.758951530289881	0.0	0.0	0.0	0.0	0.0	0.0	0.0	1.9536175189901304	0.0	0.0	0.0	4.6075557413984995	0.0
SRR23345828	1000.0	0.0	0.0	0.0	0.0	0.0	0.0	0.0	0.0	0.0	0.0	0.0	0.0	0.0	0.0	0.0
SRR19161321	1000.0	0.0	4.699584679280111	0.0	0.0	0.0	0.0	0.0	0.0	0.0	2.2028787878787885	0.0	0.0	0.0	1.2195877730886708	0.0
SRR16915466	1000.0	0.0	6.578424927378786	0.0	0.0	0.0	0.0	0.0	0.0	0.0	2.7502127422543143	0.0	0.0	0.0	2.654710551307459	0.0
SRR23026119	1000.0	0.0	18.758278040773906	0.0	0.0	0.0	0.0	0.0	0.0	0.0	3.5152154175559653	0.0	0.0	0.3121098626716604	5.532165326811605	0.0
SRR14458753	1000.0	0.0	0.0	0.0	0.0	0.0	0.0	0.0	0.0	0.0	27.880294818138264	0.0	0.0	15.452436194895592	0.0	0.0
SRR22703655	1000.0	1.7060529400876168	10.812837343267416	0.0	0.0	0.0	0.0	0.0	0.0	0.0	6.920467614940414	0.0	0.0	0.0	1.3257337153513076	0.0
SRR19161329	1000.0	0.0	5.486676155295394	0.0	0.0	0.0	0.0	0.0	0.0	0.0	3.0577390599675844	0.0	0.0	0.0	0.7132906746233812	0.0
SRR17036900	1000.0	0.0	0.0	0.0	0.0	0.0	0.0	0.0	0.0	0.0	17.878658564585614	0.0	0.0	0.0	11.645819008832706	0.0
SRR23651779	1000.0	0.0	19.712827240061593	0.0	0.0	0.0	0.0	0.0	0.0	0.0	4.652978215419215	0.0	0.0	0.15361657303370785	3.280189154666566	0.0
SRR16798124	1000.0	0.0	8.460236886632826	0.0	0.0	0.0	0.0	0.0	0.0	0.0	1.209795321637427	0.0	0.0	0.0	3.279419936735915	0.0
SRR23425233	1000.0	0.0	4.452378903897444	0.0	0.0	0.0	0.0	0.0	0.0	0.0	4.606270536765342	0.0	0.0	0.0	4.178630113762329	0.0
SRR16915455	1000.0	0.04938817632316085	6.478124244621707	0.0	0.0	0.0	0.0	0.0	0.0	0.0	4.915217323900337	0.0	0.0	0.0	2.112848514887306	0.0
SRR20079029	1000.0	0.0	1.3929072607889679	0.0	0.0	0.0	0.0	0.0	0.0	0.0	3.3638404885934974	0.0	0.0	0.0	3.6750365675280356	0.0
SRR15646757	1000.0	0.0	16.858380291528896	0.0	0.0	0.0	0.0	0.0	0.0	0.0	3.8574169559790112	0.0	0.0	0.0	4.335082751978638	0.0
SRR23173732	1000.0	0.0	1.2432476451586636	0.0	0.0	0.0	0.0	0.0	0.0	0.0	0.0	0.0	0.0	0.0	0.0	0.0
SRR14458722	1000.0	0.0	8.383701736313652	0.0	0.0	0.0	0.0	0.0	0.0	0.0	22.516650310685417	0.0	0.0	6.635849633251833	6.751011283225151	0.0
SRR17710019	1000.0	0.0	13.262735094691212	0.0	0.0	0.0	0.0	0.0	0.0	0.0	5.6273642411841704	0.0	0.0	1.1261891438164522	4.553323043674264	0.0
SRR22703657	1000.0	0.49637950003838	5.744899797398507	0.0	0.0	0.0	0.0	0.0	0.0	0.0	6.952674291004845	0.0	0.0	0.0	2.0209736787276893	0.0
SRR15947157	1000.0	0.0	33.134978923420626	0.0	0.0	0.0	0.0	0.0	0.0	0.0	13.237407132466403	0.0	0.0	0.0	2.3312824456835224	0.0
SRR23651776	1000.0	0.0	13.33241405462239	0.0	0.0	0.0	0.0	0.0	0.0	0.0	2.7835218646353823	0.0	0.0	0.4138370118845501	8.959154836571809	0.0
SRR19161332	1000.0	0.0	1.7176809280091048	0.0	0.0	0.0	0.0	0.0	0.0	0.0	1.3595751273929209	0.0	0.0	0.0	1.9023435853920496	0.0
SRR17710029	1000.0	0.0	16.863116235051187	0.0	0.0	0.36960768783990705	0.0	0.0	0.0	0.0	2.7219560975808457	0.0	0.0	0.0	4.452575845175424	0.0
SRR22703658	1000.0	1.0123135728560333	7.8107443184831	0.0	0.0	0.0	0.0	0.0	0.0	0.0	4.746274366067715	0.0	0.0	0.9015917758249046	0.6872342797581774	0.0
SRR15947150	1000.0	0.0	11.199857105271414	0.0	0.0	0.0	0.0	0.0	0.0	0.0	3.792201616737993	0.0	0.0	0.8618640038040892	0.9849874329189591	0.0
SRR17710022	1000.0	0.0	12.597920095865359	0.0	0.0	0.0	0.0	0.0	0.0	0.0	0.975108767346871	0.0	0.0	0.8309565598946907	5.540562881021348	0.0
SRR14458713	1000.0	0.0	15.396106766665142	0.0	0.0	0.0	0.0	0.0	0.0	0.0	42.0569894261179	0.0	0.0	7.5825825825825826	0.0	0.0
SRR22703651	1000.0	1.0577693156232528	11.732111444856887	0.0	0.0	0.0	0.0	0.0	0.0	0.0	2.6973117548392946	0.0	0.0	0.0	1.9738730979041055	0.0
SRR22703641	1000.0	0.2803483066640961	10.274694284846568	0.0	0.0	0.0	0.0	0.0	0.0	0.0	6.711180644137575	0.0	0.0	0.0	1.1434673303101102	0.0
SRR14458746	1000.0	0.0	5.199644884838157	0.0	0.0	0.0	0.0	0.0	0.0	0.0	13.366407002271437	0.0	0.0	4.481443935119887	1.099466844596151	0.0
SRR17012565	1000.0	0.0	1.6927457047625236	0.0	0.0	0.0	0.0	0.0	0.0	0.0	23.555197467189014	0.0	0.0	6.513103590590179	8.19110893011817	0.0
SRR15373728	1000.0	0.23806274545482117	21.12353700786941	0.0	0.0	0.14090941319755768	0.0	0.0	0.0	0.0	0.5383353608396466	0.0	0.0	0.4240492653414002	1.548368408965047	0.0
SRR19161335	1000.0	0.0	12.845891718394297	0.0	0.0	0.0	0.0	0.0	0.0	0.0	4.343808031569174	0.0	0.0	0.0	2.263733522844583	0.0
SRR19161327	1000.0	0.0	13.33332147595858	0.0	0.0	0.0	0.0	0.0	0.0	0.0	6.4735167017052095	0.0	0.0	0.0	4.5955123121969175	0.0
SRR16915461	1000.0	0.09304657631988739	6.1920843429123025	0.0	0.0	0.0	0.0	0.0	0.0	0.0	1.1233188472762257	0.0	0.0	0.0	3.508281306901432	0.0
SRR16915475	1000.0	0.04462654747755956	5.337063241478696	0.0	0.0	0.0	0.0	0.0	0.0	0.0	1.78439670215355	0.0	0.0	0.0	5.127023125399036	0.0
SRR20079033	1000.0	0.0	7.114066789688927	0.0	0.0	0.0	0.0	0.0	0.0	0.0	1.854749665369812	0.0	0.0	0.0	1.7531868610006218	0.0
SRR20079032	1000.0	0.0	6.887666137094587	0.0	0.0	0.0	0.0	0.0	0.0	0.0	0.4711354961832061	0.0	0.0	0.0	2.6922028353326057	0.0
SRR17710034	1000.0	0.2589071798438829	3.995318917387837	0.0	0.0	0.0	0.0	0.0	0.0	0.0	2.699042791080959	0.0	0.0	0.3074522760646109	3.8679530765635532	0.0
SRR20079019	1000.0	0.0	0.7471782346980234	0.0	0.0	0.0	0.0	0.0	0.0	0.0	1.5639374425022998	0.0	0.0	0.0	0.7885398869759495	0.0
SRR22703644	1000.0	0.5724538619275461	7.729580064605444	0.0	0.0	0.0	0.0	0.0	0.0	0.0	6.41872620716031	0.0	0.0	0.3398944805194805	2.5814695005284163	0.0
SRR23345830	1000.0	0.0	0.0	0.0	0.0	0.0	0.0	0.0	0.0	0.0	0.0	0.0	0.0	0.0	0.0	0.0
SRR17036898	1000.0	0.0	0.3777682439281823	0.0	0.0	0.0	0.0	0.0	0.0	0.0	21.457494954067705	0.0	0.0	0.0	0.13289347152473555	0.0
SRR19161319	1000.0	0.0	5.122590491357288	0.0	0.0	0.0	0.0	0.0	0.0	0.0	4.8820330969267145	0.0	0.0	0.0	2.2035068964749276	0.0
SRR23345831	1000.0	0.0	0.0	0.0	0.0	0.0	0.0	0.0	0.0	0.0	0.0	0.0	0.0	0.0	0.0	0.0
SRR19161324	1000.0	0.1354489164086687	2.8739922364885033	0.0	0.0	0.0	0.0	0.0	0.0	0.0	12.303888975803087	0.0	0.0	0.0	6.2656054342742475	0.0
SRR16915479	1000.0	0.05306986740454025	6.346832873355168	0.0	0.0	0.0	0.0	0.0	0.0	0.0	2.3448130729525265	0.0	0.0	0.06302046754289155	2.456461303432018	0.0
SRR15646755	1000.0	0.0	3.9286617266662773	0.0	0.0	0.0	0.0	0.0	0.0	0.0	3.6657271225000807	0.0	0.0	0.0	3.687940091394558	0.0
SRR17710032	1000.0	0.0	8.71860102949393	0.0	0.0	0.0	0.0	0.0	0.0	0.0	7.623054775902264	0.0	0.0	0.0	4.047152864094157	0.0
SRR23725313	1000.0	0.0	1.119058606368251	0.0	0.0	0.0	0.0	0.0	0.0	0.0	2.0667613636363633	0.0	0.0	0.0	0.8435760667903525	0.0
SRR14458745	1000.0	0.0	21.679778348534796	0.0	0.0	0.0	0.0	0.0	0.0	0.0	11.999060429680057	0.0	0.0	2.5024900398406373	6.743969054715808	0.0
SRR15947154	1000.0	0.789925069964792	25.903126659759167	0.0	0.0	0.0	0.0	0.0	0.0	0.0	6.93159248894105	0.0	0.0	0.0	3.7521440823327614	0.0
SRR23345821	1000.0	0.0	0.0	0.0	0.0	0.0	0.0	0.0	0.0	0.0	0.0	0.0	0.0	0.0	0.0	0.0
SRR15373726	1000.0	0.1390635795142518	23.06902425647588	0.0	0.0	0.0	0.0	0.0	0.0	0.0	2.432491982616874	0.0	0.0	0.0	1.700087034373225	0.0
SRR16798073	1000.0	0.0	1.4239759178373272	0.0	0.0	0.0	0.0	0.0	0.0	0.0	1.87015503875969	0.0	0.0	0.0	1.515621073520535	0.0
SRR14458714	1000.0	0.0	10.396519971219792	0.0	0.0	0.0	0.0	0.0	0.0	0.0	23.530912430173913	0.0	0.0	7.111508452535761	3.2531640102443653	0.0
SRR15373727	1000.0	0.1322571893651655	23.72573133078654	0.0	0.0	0.0	0.0	0.0	0.0	0.0	1.3820876288659794	0.0	0.0	0.0	1.4383520556420757	0.0
SRR16915476	1000.0	0.04235515859359697	4.330116213578898	0.0	0.0	0.0	0.0	0.0	0.0	0.0	1.1916559121721124	0.0	0.0	0.0	4.085453053352428	0.0
SRR22703653	1000.0	1.7045953782620156	11.508181995372999	0.0	0.0	0.0	0.0	0.0	0.0	0.0	5.433443621184367	0.0	0.0	0.6747356705620479	0.7721648017563112	0.0
SRR5278472	1000.0	0.0	0.7967216089043501	0.0	0.0	0.0	0.0	0.0	0.0	0.0	0.0	0.0	0.0	0.0	1.9649460852333387	0.0
SRR14458748	1000.0	0.734754786655538	12.86753306579495	0.0	0.0	0.0	0.0	0.0	0.0	0.0	11.673742703079963	0.0	0.0	3.9607875218150084	3.168630017452007	0.0
SRR20079020	1000.0	0.0	4.584136377208936	0.0	0.0	0.0	0.0	0.0	0.0	0.0	1.048211898395722	0.0	0.0	0.0	1.8454915424632394	0.0
SRR16915468	1000.0	0.03898274526237824	4.511708588742254	0.0	0.0	0.0	0.0	0.0	0.0	0.0	2.1218330355906265	0.0	0.0	0.0	2.9816958310007964	0.0
SRR5278467	1000.0	0.0	4.683877131727248	0.0	0.0	0.0	0.0	0.0	0.0	0.0	0.0	0.0	0.0	0.0	2.9031275861530537	0.0
SRR23026121	1000.0	0.34498393843263103	8.36789401210778	0.0	0.0	0.0	0.0	0.0	0.0	0.0	3.5233983599279357	0.0	0.0	0.0	3.5532340747809417	0.0
SRR16915467	1000.0	0.05489604062307006	6.459341226613015	0.0	0.0	0.0	0.0	0.0	0.0	0.0	2.1592989200826262	0.0	0.0	0.0	3.0707500539256984	0.0
SRR22703650	1000.0	0.5385874011453504	9.869545777333578	0.0	0.0	0.0	0.0	0.0	0.0	0.0	5.3724093264248705	0.0	0.0	0.0	1.6730154180025811	0.0
SRR23026124	1000.0	0.0	12.946622908125988	0.0	0.0	0.0	0.0	0.0	0.0	0.0	4.586490732324171	0.0	0.0	0.0	3.840415617927834	0.0
SRR17036904	1000.0	0.6979507157899036	0.4233761956187487	0.0	0.0	0.0	0.0	0.0	0.0	0.0	7.990401835256554	0.0	0.0	0.0	3.1276916451335057	0.0
SRR17012560	1000.0	0.0	0.3095404206862816	0.0	0.0	0.0	0.0	0.0	0.0	0.0	11.510747691661074	0.0	0.0	2.286729857819905	24.8314581816458	0.0
SRR17710025	1000.0	0.8987090367428004	14.446253551703222	0.0	0.0	0.0	0.0	0.0	0.0	0.0	3.2031230910941852	0.0	0.0	0.0	3.2590399731587363	0.0
SRR23026126	1000.0	0.0	14.736496891575884	0.0	0.0	0.0	0.0	0.0	0.0	0.0	4.971301840659996	0.0	0.0	0.0	3.824374121837224	0.0
SRR19161331	1000.0	0.0	7.884739675227027	0.0	0.0	0.0	0.0	0.0	0.0	0.0	1.0115696083269774	0.0	0.0	0.0	1.0323800244970431	0.0
SRR23026118	1000.0	0.0	15.739975603037815	0.0	0.0	0.0	0.0	0.0	0.0	0.0	4.014610845431413	0.0	0.0	0.7047216349541932	7.585677847956134	0.0
SRR23651777	1000.0	0.0	13.64200786343864	0.0	0.0	0.0	0.0	0.0	0.0	0.0	4.93238214747127	0.0	0.0	0.06130190577320739	4.575633497757029	0.0
SRR23026125	1000.0	0.371377376839451	14.106206683389006	0.0	0.0	0.0	0.0	0.0	0.0	0.0	4.613617402406418	0.0	0.0	0.3405542544886807	3.022102386588446	0.0
SRR23345823	1000.0	0.0	0.0	0.0	0.0	0.0	0.0	0.0	0.0	0.0	0.0	0.0	0.0	0.0	0.0	0.0
SRR19161326	1000.0	0.0	5.182307458384091	0.0	0.0	0.0	0.0	0.0	0.0	0.0	4.273817429906004	0.0	0.0	0.0	1.8246982315519324	0.0
SRR23345825	1000.0	0.0	0.0	0.0	0.0	0.0	0.0	0.0	0.0	0.0	0.0	0.0	0.0	0.0	0.0	0.0
SRR20079030	1000.0	0.0	4.666516738418042	0.0	0.0	0.0	0.0	0.0	0.0	0.0	1.9804310444482973	0.0	0.0	0.0	2.8739295829261633	0.0
SRR22703649	1000.0	0.5057012175481544	10.242374913792569	0.0	0.0	0.0	0.0	0.0	0.0	0.0	5.535718000775	0.0	0.0	0.0	0.3676654260235306	0.0
SRR20079012	1000.0	0.37879585008102024	4.384033188754954	0.0	0.0	0.0	0.0	0.0	0.0	0.0	0.4498200719712115	0.0	0.0	0.0	2.314744786876221	0.0
SRR15947156	1000.0	0.0	26.35398749842681	0.0	0.0	0.0	0.0	0.0	0.0	0.0	8.652892561983471	0.0	0.0	0.9013429752066116	0.0	0.0
SRR15947152	1000.0	0.0	20.97207345658889	0.0	0.0	0.0	0.0	0.0	0.0	0.0	2.7475482442265102	0.0	0.0	0.0	1.0539536915683703	0.0
SRR16798074	1000.0	0.0	2.692096486881052	0.0	0.0	0.0	0.0	0.0	0.0	0.0	0.0	0.0	0.0	0.0	1.2190816128348991	0.0
SRR19161315	1000.0	0.0	4.073785498419097	0.0	0.0	0.0	0.0	0.0	0.0	0.0	3.812338187510027	0.0	0.0	0.0	2.378344609537573	0.0
SRR16915469	1000.0	0.0	5.669671137918512	0.0	0.0	0.0	0.0	0.0	0.0	0.0	1.757430347092324	0.0	0.0	0.09695531373003011	2.2814779271780776	0.0
SRR23651772	1000.0	0.13248086141013934	13.741370384654136	0.0	0.0	0.0	0.0	0.0	0.0	0.0	3.48179993331406	0.0	0.0	0.0	3.9562983997546532	0.0
SRR14458741	1000.0	0.0	4.230118443316412	0.0	0.0	0.0	0.0	0.0	0.0	0.0	21.98454625141355	0.0	0.0	6.076388888888888	3.970925593457011	0.0
SRR14458711	1000.0	0.0	10.17553376990739	0.0	0.0	0.0	0.0	0.0	0.0	0.0	11.904047753793085	0.0	0.0	0.9637404580152672	2.7928805109830193	0.0
SRR17036899	1000.0	0.0	0.0	0.0	0.0	0.0	0.0	0.0	0.0	0.0	6.177038626609442	0.0	0.0	0.0	8.829343828669618	0.0
SRR14458742	1000.0	0.0	5.851942510516776	0.0	0.0	0.0	0.0	0.0	0.0	0.0	16.26692925581363	0.0	0.0	2.161561264822134	3.7055335968379435	0.0
SRR14458752	1000.0	0.7295964576834055	5.629373683648611	0.0	0.0	0.0	0.0	0.0	0.0	0.0	17.664485664447923	0.0	0.0	0.8663957934990439	11.389582660063347	0.0
SRR22703656	1000.0	0.4374355688055502	6.328382594395015	0.0	0.0	0.0	0.0	0.0	0.0	0.0	6.031422980871578	0.0	0.0	0.0	0.4452469182485064	0.0
SRR16915454	1000.0	0.0	2.9499228580496384	0.0	0.0	0.0	0.0	0.0	0.0	0.0	3.2567515238064972	0.0	0.0	0.0	2.085646937009606	0.0
SRR20079014	1000.0	0.0	2.707275803722504	0.0	0.0	0.0	0.0	0.0	0.0	0.0	1.6666666666666667	0.0	0.0	0.0	2.451544352031656	0.0
SRR15646760	1000.0	0.31528627364647055	14.595993988100565	0.0	0.0	0.0	0.0	0.0	0.0	0.0	7.019801369425189	0.0	0.0	0.0	0.24450772241971186	0.0
SRR15947153	1000.0	0.0	7.592520282875612	0.0	0.0	0.0	0.0	0.0	0.0	0.0	8.263727013727014	0.0	0.0	0.0	0.7631257631257631	0.0
SRR23345829	1000.0	0.0	0.0	0.0	0.0	0.0	0.0	0.0	0.0	0.0	0.0	0.0	0.0	0.0	0.0	0.0
SRR16915465	1000.0	0.042513391718391295	5.1663482118694795	0.0	0.0	0.0	0.0	0.0	0.0	0.0	1.592578399892567	0.0	0.0	0.0	3.0409439209521976	0.0
SRR15947149	1000.0	0.0	3.249445914063058	0.0	0.0	0.0	0.0	0.0	0.0	0.0	9.398802312080367	0.0	0.0	0.0	3.429325955734406	0.0
SRR15947155	1000.0	0.0	24.74471152896561	0.0	0.0	0.0	0.0	0.0	0.0	0.0	6.339759337097957	0.0	0.0	0.0	0.9672040022234574	0.0
SRR16915457	1000.0	0.046630854170663594	4.047652823951003	0.0	0.0	0.0	0.0	0.0	0.0	0.0	2.3834203374806187	0.0	0.0	0.05537413932766302	2.3473615626029574	0.0
SRR17036897	1000.0	0.0	0.0	0.0	0.0	0.0	0.0	0.0	0.0	0.0	33.174012805971834	0.0	0.0	0.0	2.86720139741212	0.0
SRR23651778	1000.0	0.0	4.904082478515485	0.0	0.0	0.0	0.0	0.0	0.0	0.0	3.901667913217924	0.0	0.0	0.0	3.037273142941664	0.0
SRR23345832	1000.0	0.0	0.0	0.0	0.0	0.0	0.0	0.0	0.0	0.0	0.0	0.0	0.0	0.0	0.0	0.0
SRR17012564	1000.0	0.0	1.0427600447388796	0.0	0.0	0.0	0.0	0.0	0.0	0.0	7.970980542848636	0.0	0.0	2.9957627118644066	20.54544467569011	0.0
SRR17710027	1000.0	0.0	0.9718321480852157	0.0	0.0	0.0	0.0	0.0	0.0	0.0	5.099154693019889	0.0	0.0	0.0	4.449000029183605	0.0
SRR15947158	1000.0	0.0	10.194322708116571	0.0	0.0	0.0	0.0	0.0	0.0	0.0	16.350890696060684	0.0	0.0	0.0	2.1536617925602832	0.0
SRR19161333	1000.0	0.0	13.691406264651011	0.0	0.0	0.0	0.0	0.0	0.0	0.0	5.3490283729865515	0.0	0.0	0.0	2.3195876728233165	0.0
SRR20079031	1000.0	0.0	3.548038607553896	0.0	0.0	0.43549134310786136	0.0	0.0	0.0	0.0	1.7474090142202938	0.0	0.0	0.0	1.2481492958716383	0.0
SRR14458751	1000.0	0.886860422518012	3.4213904625060354	0.0	0.0	0.0	0.0	0.0	0.0	0.0	29.333436367891885	0.0	0.0	1.0531467517401392	5.4323897078732175	0.0
SRR16915474	1000.0	0.0	5.562895487101036	0.0	0.0	0.06565363113820417	0.0	0.0	0.0	0.0	1.7179443852424676	0.0	0.0	0.0	3.8261431382955338	0.0
SRR17710031	1000.0	0.0	1.3206223432792703	0.0	0.0	0.0	0.0	0.0	0.0	0.0	4.667699297798244	0.0	0.0	0.0	2.017333330553105	0.0
SRR19161317	1000.0	0.0	5.76171305210339	0.0	0.0	0.3536004583378093	0.0	0.0	0.0	0.0	4.7294061302682	0.0	0.0	0.0	6.145126208101019	0.0
SRR22703642	1000.0	0.7184519316544293	9.238975770852223	0.0	0.0	0.5670025628840771	0.0	0.0	0.0	0.0	4.241097613940185	0.0	0.0	0.8531616688396348	1.1384241538214088	0.0
SRR23651773	1000.0	0.13270371532595587	11.902917004109849	0.0	0.0	0.07854737044215457	0.0	0.0	0.0	0.0	5.0123726219905675	0.0	0.0	0.0	1.7180896168381126	0.0
SRR23026127	1000.0	0.0	16.777607828241276	0.0	0.0	0.0	0.0	0.0	0.0	0.0	3.2769511916829326	0.0	0.0	0.14547485660931037	3.496321585828483	0.0
SRR16798072	1000.0	0.0	2.9099864301150924	0.0	0.0	0.0	0.0	0.0	0.0	0.0	0.9355404290429044	0.0	0.0	0.0	1.194306930693069	0.0
SRR19161322	1000.0	0.10483184971306025	2.4265646431043386	0.0	0.0	0.0	0.0	0.0	0.0	0.0	3.154877077168222	0.0	0.0	0.0	2.991155956043991	0.0
SRR16915462	1000.0	0.045669880122480466	5.726122025508972	0.0	0.0	0.0	0.0	0.0	0.0	0.0	2.6274762014633524	0.0	0.0	0.0	2.527833637727904	0.0
SRR19161334	1000.0	0.0	5.887083721542617	0.0	0.0	0.0	0.0	0.0	0.0	0.0	3.97971948145987	0.0	0.0	0.0	1.6631136977865726	0.0
