	reference	I	II	III	IV	V	VI	VII	VIII	IX	X	XI	XII	XIII	MHET_I	MHET_II
SRR11582156	1000.0	0.30249593054801954	0.0	0.0	0.0	0.0	0.0	0.0	0.0	0.0	0.0	0.0	0.0	0.0	0.4105301914580265	0.0
SRR5397294	1000.0	0.0	0.0	0.0	0.0	0.0	0.0	0.0	0.0	0.0	0.0	0.0	0.0	0.0	0.0	0.0
SRR6311220	1000.0	0.0	14.245947273620434	0.0	0.0	0.0	0.0	0.0	0.0	0.0	0.0	0.0	0.0	0.0	0.0	0.0
SRR6660644	1000.0	0.0	0.0	0.0	0.0	0.0	0.0	0.0	0.0	0.0	0.0	0.0	0.0	0.0	0.0	0.0
SRR10310285	1000.0	0.0	0.0	0.0	0.0	0.0	0.0	0.0	0.0	0.0	0.0	0.0	0.0	0.0	0.0	0.0
SRR24033832	1000.0	0.0	0.0	0.0	0.0	0.0	0.0	0.0	0.0	0.0	0.0	0.0	0.0	0.0	0.0	0.0
SRR22870125	1000.0	0.0	19.48825731630652	0.0	0.0	0.0	0.0	0.0	0.0	0.0	0.0	0.0	0.0	0.0	0.5528782677581199	0.0
SRR12921519	1000.0	0.0	0.0	0.0	0.0	0.0	0.0	0.0	0.0	0.0	0.0	0.0	0.0	0.0	0.0	0.0
SRR22870120	1000.0	0.0	0.0	0.0	0.0	0.0	0.0	0.0	0.0	0.0	22.975126419679462	0.0	0.0	0.0	3.2891420506099402	0.0
SRR22870114	1000.0	0.0	1.7452752744422881	0.0	0.0	0.0	0.0	0.0	0.0	0.0	13.675582733666397	0.0	0.0	0.0	2.148870181657067	0.0
ERR3365596	1000.0	0.0	0.0	0.0	0.0	0.0	0.0	0.0	0.0	0.0	0.0	0.0	0.0	0.0	0.0	0.0
SRR7464854	1000.0	0.0	0.0	0.0	0.0	0.0	0.0	0.0	0.0	0.0	0.0	0.0	0.0	0.0	0.0	0.0
SRR11582142	1000.0	0.680947652149241	6.567515426820091	0.0	0.0	0.0	0.0	0.0	0.0	0.0	0.0	0.0	0.0	0.0	1.8482864844050826	0.0
SRR11271801	1000.0	0.0	0.0	0.0	0.0	0.0	0.0	0.0	0.0	0.0	1.8231046931407944	0.0	0.0	0.0	1.9568333266976723	0.0
SRR14209494	1000.0	0.0	0.0	0.0	0.0	0.0	0.0	0.0	0.0	0.0	0.0	0.0	0.0	0.0	0.0	0.0
SRR10312501	1000.0	0.0	0.15393122037317375	0.0	0.0	0.0	0.0	0.0	0.0	0.0	0.0	0.0	0.0	0.0	0.0	0.0
SRR10312499	1000.0	0.0	0.0	0.0	0.0	0.0	0.0	0.0	0.0	0.0	0.0	0.0	0.0	0.0	0.0	0.0
SRR22870121	1000.0	0.0	0.768880609290067	0.0	0.0	0.0	0.0	0.0	0.0	0.0	0.0	0.0	0.0	0.0	0.0	0.0
SRR7464846	1000.0	0.0	0.0	0.0	0.0	0.0	0.0	0.0	0.0	0.0	0.0	0.0	0.0	0.0	0.0	0.0
SRR11451424																
SRR10312491	1000.0	0.0	3.688583724883728	0.0	0.0	0.0	0.0	0.0	0.0	0.0	0.0	0.0	0.0	0.0	0.0	0.0
SRR12921520	1000.0	0.0	0.0	0.0	0.0	0.0	0.0	0.0	0.0	0.0	0.0	0.0	0.0	0.0	0.0	0.0
SRR11451427	1000.0	0.0	0.0	0.0	0.0	0.0	0.0	0.0	0.0	0.0	0.0	0.0	0.0	0.0	0.0	0.0
SRR22541073	1000.0	0.0	0.6341495031390768	0.0	0.0	0.0	0.19102056898837635	0.0	0.0	0.0	6.493203407460204	0.0	0.0	0.0	0.22308473592571093	0.0
SRR1971621	1000.0	0.0	0.0	0.0	0.0	0.0	0.0	0.0	0.0	0.0	0.0	0.0	0.0	0.0	0.0	0.0
SRR22870126	1000.0	0.33787697416689194	28.67666501558595	0.0	0.0	0.0	0.0	0.0	0.0	0.0	0.5884690633406702	0.0	0.0	0.0	0.0	0.0
SRR22870111	1000.0	0.0	0.0	0.0	0.0	0.0	0.0	0.0	0.0	0.0	0.0	0.0	0.0	0.0	0.0	0.0
SRR22870109	1000.0	0.0	0.0	0.0	0.0	0.0	0.0	0.0	0.0	0.0	0.0	0.0	0.0	0.0	0.17677321824787262	0.0
SRR10312492	1000.0	0.0	0.0	0.0	0.0	0.0	0.0	0.0	0.0	0.0	0.0	0.0	0.0	0.0	0.0	0.0
SRR11451422																
SRR5581523	1000.0	0.0	0.0	0.0	0.0	0.0	0.0	0.0	0.0	0.0	0.0	0.0	0.0	0.0	0.0	0.0
SRR14209496	1000.0	0.0	0.0	0.0	0.0	0.0	0.0	0.0	0.0	0.0	0.0	0.0	0.0	0.0	0.0582162653605889	0.0
SRR22870112	1000.0	0.3425946841352308	24.451173903255558	0.0	0.0	0.0	0.0	0.0	0.0	0.0	1.339341666359032	0.0	0.0	0.0	2.2093461531408694	0.0
SRR22541067	1000.0	0.0	0.1778246789942064	0.0	0.0	0.0	0.0	0.0	0.0	0.0	15.060277075119124	0.0	0.0	0.0	0.43823019939334595	0.0
SRR12921522	1000.0	0.0	0.0	0.0	0.0	0.0	0.0	0.0	0.0	0.0	0.0	0.0	0.0	0.0	0.0	0.0
SRR11582165	1000.0	0.0	0.0	0.0	0.0	0.0	0.0	0.0	0.0	0.0	0.0	0.0	0.0	0.0	0.3953868469508088	0.0
SRR15714818	1000.0	0.0	0.0	0.0	0.0	0.0	0.0	0.0	0.0	0.0	0.0	0.0	0.0	0.0	0.7481126769687826	0.0
SRR10312495	1000.0	0.0	0.0	0.0	0.0	0.0	0.0	0.0	0.0	0.0	0.0	0.0	0.0	0.0	0.0	0.0
SRR10312494	1000.0	0.0	0.0	0.0	0.0	0.0	0.0	0.0	0.0	0.0	0.0	0.0	0.0	0.0	0.0	0.0
SRR22870115	1000.0	0.0	20.627500541129315	0.0	0.0	0.0	0.0	0.0	0.0	0.0	0.0	0.0	0.0	0.0	0.9303153861269402	0.0
SRR22541064	1000.0	0.0	0.0	0.0	0.0	0.0	0.0	0.0	0.0	0.0	2.965750832003959	0.0	0.0	0.0	0.0	0.0
SRR10309773	1000.0	0.0	0.10576397816396908	0.0	0.0	0.0	0.0	0.0	0.0	0.0	0.0	0.0	0.0	0.0	0.0	0.0
ERR3341267	1000.0	0.0	0.0	0.0	0.0	0.0	0.0	0.0	0.0	0.0	0.0	0.0	0.0	0.0	0.0	0.0
SRR6311224	1000.0	0.0	14.920781418243347	0.0	0.0	0.0	0.0	0.0	0.0	0.0	0.0	0.0	0.0	0.0	0.0	0.0
SRR12921516	1000.0	0.0	0.0	0.0	0.0	0.0	0.0	0.0	0.0	0.0	0.0	0.0	0.0	0.0	0.0	0.0
SRR11917416	1000.0	0.0	0.0	0.0	0.0	0.0	0.0	0.0	0.0	0.0	0.4205064838931457	0.0	0.0	0.0	0.07604364488139641	0.0
SRR1971624	1000.0	0.0	0.0	0.0	0.0	0.0	0.0	0.0	0.0	0.0	0.0	0.0	0.0	0.0	0.0	0.0
SRR22541074	1000.0	0.0	0.0	0.0	0.0	0.0	0.0	0.0	0.0	0.0	6.901530008468108	0.0	0.0	0.0	0.0	0.0
ERR3341266	1000.0	0.0	0.0	0.0	0.0	0.0	0.0	0.0	0.0	0.0	0.0	0.0	0.0	0.0	0.0	0.0
ERR3341270	1000.0	0.0	0.0	0.0	0.0	0.0	0.0	0.0	0.0	0.0	0.0	0.0	0.0	0.0	0.0	0.0
SRR10312500	1000.0	0.1213628281782421	0.11705044342063957	0.0	0.0	0.0	0.0	0.0	0.0	0.0	0.0	0.0	0.0	0.0	0.0	0.0
SRR11271807	1000.0	0.0	0.0	0.0	0.0	0.0	0.0	0.0	0.0	0.0	0.0	0.0	0.0	0.0	0.0	0.0
SRR18166207	1000.0	0.0	0.0	0.0	0.0	0.0	0.0	0.0	0.0	0.0	0.0	0.0	0.0	0.0	0.0	0.0
SRR11271803	1000.0	0.0	0.0	0.0	0.0	0.0	0.0	0.0	0.0	0.0	0.8350622406639004	0.0	0.0	0.0	1.7926316887296345	0.0
SRR22870123	1000.0	0.0	0.0	0.0	0.0	0.0	0.0	0.0	0.0	0.0	0.0	0.0	0.0	0.0	1.1537480877103516	0.0
SRR10325488	1000.0	0.0	0.0	0.0	0.0	0.0	0.0	0.0	0.0	0.0	0.0	0.0	0.0	0.0	0.0	0.0
SRR11271806	1000.0	0.0	1.6155894408265437	0.0	0.0	0.0	0.0	0.0	0.0	0.0	0.7956777996070727	0.0	0.0	0.0	0.0	0.0
SRR7464866	1000.0	0.0	0.0	0.0	0.0	0.0	0.0	0.0	0.0	0.0	0.0	0.0	0.0	0.0	0.0	0.0
SRR11451426	1000.0	0.0	0.0	0.0	0.0	0.0	0.0	0.0	0.0	0.0	0.0	0.0	0.0	0.0	0.0	0.0
SRR11582169	1000.0	0.0	0.0	0.0	0.0	0.0	0.0	0.0	0.0	0.0	1.087220220499043	0.0	0.0	0.0	2.120079429973134	0.0
SRR16768026	1000.0	0.0	0.0	0.0	0.0	0.0	0.0	0.0	0.0	0.0	0.0	0.0	0.0	0.0	0.32229693623085137	0.0
SRR22541072	1000.0	0.0	0.0	0.0	0.0	0.0	0.0	0.0	0.0	0.0	1.871372499101524	0.0	0.0	0.0	0.0	0.0
SRR1971625	1000.0	0.0	0.0	0.0	0.0	0.0	0.0	0.0	0.0	0.0	0.0	0.0	0.0	0.0	0.0	0.0
SRR12921526	1000.0	0.0	0.0	0.0	0.0	0.0	0.0	0.0	0.0	0.0	0.0	0.0	0.0	0.0	0.0	0.0
SRR12921525	1000.0	0.0	0.0	0.0	0.0	0.0	0.0	0.0	0.0	0.0	0.0	0.0	0.0	0.0	0.0	0.0
SRR5581522	1000.0	0.0	0.0	0.0	0.0	0.0	0.0	0.0	0.0	0.0	0.0	0.0	0.0	0.0	0.0	0.0
SRR5581521	1000.0	0.0	0.0	0.0	0.0	0.0	0.0	0.0	0.0	0.0	0.0	0.0	0.0	0.0	0.0	0.0
SRR10312493	1000.0	0.0	0.08847506640987467	0.0	0.0	0.0	0.0	0.0	0.0	0.0	0.0	0.0	0.0	0.0	0.0	0.0
SRR12921509	1000.0	0.0	0.0	0.0	0.0	0.0	0.0	0.0	0.0	0.0	0.0	0.0	0.0	0.0	0.0	0.0
SRR12921514	1000.0	0.0	0.0	0.0	0.0	0.0	0.0	0.0	0.0	0.0	0.0	0.0	0.0	0.0	0.0	0.0
SRR11451421																
SRR10312504	1000.0	0.0	0.0	0.0	0.0	0.0	0.0	0.0	0.0	0.0	0.0	0.0	0.0	0.0	0.0	0.0
SRR16768029	1000.0	0.0	0.0	0.0	0.0	0.0	0.0	0.0	0.0	0.0	0.0	0.0	0.0	0.0	0.5104060626625947	0.0
SRR7464855	1000.0	0.0	0.0	0.0	0.0	0.0	0.0	0.0	0.0	0.0	0.0	0.0	0.0	0.0	0.0	0.0
SRR11271805	1000.0	0.0	0.0	0.0	0.0	0.0	0.0	0.0	0.0	0.0	2.457555178268251	0.0	0.0	0.0	0.5851321853019645	0.0
SRR6056608	1000.0	0.0	0.41790195595737756	0.0	0.0	0.0	0.0	0.0	0.0	0.0	0.0	0.0	0.0	0.0	0.0	0.0
SRR22541069	1000.0	0.0	0.0	0.0	0.0	0.0	0.0	0.0	0.0	0.0	15.519708806838969	0.0	0.0	0.0	0.0	0.0
SRR5581524	1000.0	0.0	0.0	0.0	0.0	0.0	0.0	0.0	0.0	0.0	0.0	0.0	0.0	0.0	0.0	0.0
SRR11582164	1000.0	1.7225688487544257	0.0	0.38376777948808527	0.0	0.0	0.0	0.0	0.0	0.0	0.0	0.0	0.0	0.0	0.0	0.38376777948808527
SRR22870108	1000.0	0.0	1.021402708745871	0.0	0.0	0.0	0.0	0.0	0.0	0.0	0.0	0.0	0.0	0.0	0.0	0.0
SRR22870113	1000.0	0.0	0.0	0.0	0.0	0.0	0.0	0.0	0.0	0.0	0.0	0.0	0.0	0.0	0.0	0.0
ERR3341265	1000.0	0.0	0.0	0.0	0.0	0.0	0.0	0.0	0.0	0.0	0.0	0.0	0.0	0.0	0.0	0.0
SRR12921513	1000.0	0.0	0.0	0.0	0.0	0.0	0.0	0.0	0.0	0.0	0.0	0.0	0.0	0.0	0.0	0.0
SRR1971622	1000.0	0.0	0.0	0.0	0.0	0.0	0.0	0.0	0.0	0.0	0.0	0.0	0.0	0.0	0.0	0.0
SRR11451431	1000.0	0.0	0.0	0.0	0.0	0.0	0.0	0.0	0.0	0.0	0.0	0.0	0.0	0.0	0.0	0.0
SRR6660647	1000.0	0.0	0.0	0.0	0.0	0.0	0.0	0.0	0.0	0.0	0.0	0.0	0.0	0.0	0.0	0.0
SRR10312498	1000.0	0.0	1.1251394354235038	0.0	0.0	0.0	0.0	0.0	0.0	0.0	0.0	0.0	0.0	0.0	0.0	0.0
ERR3365594	1000.0	0.0	0.0	0.0	0.0	0.0	0.0	0.0	0.0	0.0	0.0	0.0	0.0	0.0	0.0	0.0
SRR14209493	1000.0	0.0	0.0	0.0	0.0	0.0	0.0	0.0	0.0	0.0	0.0	0.0	0.0	0.0	0.0	0.0
SRR16768025	1000.0	0.0	0.0	0.0	0.0	0.0	0.0	0.0	0.0	0.0	0.0	0.0	0.0	0.0	0.8978591436574629	0.0
SRR22870110	1000.0	0.0	1.8736206721735507	0.0	0.0	0.0	0.0	0.0	0.0	0.0	0.0	0.0	0.0	0.0	0.0	0.0
SRR1971623	1000.0	0.0	0.0	0.0	0.0	0.0	0.0	0.0	0.0	0.0	0.0	0.0	0.0	0.0	0.062446691848422074	0.0
SRR6660645	1000.0	0.0	0.0	0.0	0.0	0.0	0.0	0.0	0.0	0.0	0.0	0.0	0.0	0.0	0.0	0.0
SRR12921511	1000.0	0.0	0.0	0.0	0.0	0.0	0.0	0.0	0.0	0.0	0.0	0.0	0.0	0.0	0.0	0.0
SRR12921524	1000.0	0.0	0.0	0.0	0.0	0.0	0.0	0.0	0.0	0.0	0.0	0.0	0.0	0.0	0.0	0.0
SRR11451428	1000.0	0.0	0.0	0.0	0.0	0.0	0.0	0.0	0.0	0.0	0.0	0.0	0.0	0.0	0.0	0.0
SRR5581525	1000.0	0.0	0.0	0.0	0.0	0.0	0.0	0.0	0.0	0.0	0.0	0.0	0.0	0.0	0.0	0.0
SRR11451429	1000.0	0.0	0.0	0.0	0.0	0.0	0.0	0.0	0.0	0.0	0.0	0.0	0.0	0.0	0.0	0.0
SRR15714817	1000.0	0.0	0.0	0.0	0.0	0.0	0.0	0.0	0.0	0.0	0.0	0.0	0.0	0.0	0.0	0.0
SRR22541065	1000.0	0.0	0.0	0.0	0.0	0.0	0.0	0.07784196325625223	0.0	0.0	2.650242903682126	0.0	0.0	0.0	0.0	0.0
SRR22541063	1000.0	0.0	0.10349415997240156	0.0	0.0	0.0	0.0	0.06032056069397369	0.0	0.0	1.4690001703287345	0.0	0.0	0.0	0.2184466019417476	0.0
SRR10312490	1000.0	0.0	2.387779432674414	0.0	0.0	0.10467123903801949	0.0	0.0	0.0	0.0	0.0	0.0	0.0	0.0	0.0	0.0
SRR22870124	1000.0	0.0	0.4660318163268196	0.0	0.0	0.0	0.0	0.0	0.0	0.0	0.0	0.0	0.0	0.0	1.1476033477047933	0.0
SRR22870116	1000.0	0.0	4.837407065198094	0.0	0.0	0.0	0.0	0.0	0.0	0.0	3.13921355655973	0.0	0.0	0.0	0.08956477366955116	0.0
SRR22870119	1000.0	0.0	2.061257248458499	0.0	0.0	0.0	0.0	0.0	0.0	0.0	0.0	0.0	0.0	0.0	0.1208534755792632	0.0
SRR11451423	1000.0	0.0	0.0	0.0	0.0	0.0	0.0	0.0	0.0	0.0	0.0	0.0	0.0	0.0	0.0	0.0
SRR6056609	1000.0	0.0	0.0	0.0	0.0	0.0	0.0	0.0	0.0	0.0	0.03635887373467102	0.0	0.0	0.0	0.0	0.0
SRR10312503	1000.0	0.0	1.7093807449995888	0.0	0.0	0.0	0.0	0.0	0.0	0.0	0.0	0.0	0.0	0.0	0.0	0.0
SRR6311221	1000.0	0.0	18.836768393370434	0.0	0.0	0.0	0.0	0.0	0.0	0.0	0.0	0.0	0.0	0.0	0.0	0.0
SRR11271804	1000.0	0.0	0.0	0.0	0.0	0.0	0.0	0.0	0.0	0.0	0.0	0.0	0.0	0.0	0.5485299240412154	0.0
SRR14209495	1000.0	0.0	0.0	0.0	0.0	0.0	0.0	0.0	0.0	0.0	0.0	0.0	0.0	0.0	0.12556643047488056	0.0
SRR22541066	1000.0	0.0	0.0	0.0	0.0	0.0	0.10856489274556229	0.0	0.0	0.0	2.255225418789805	0.0	0.0	0.0	0.0	0.0
SRR12921517	1000.0	0.0	0.0	0.0	0.0	0.0	0.0	0.0	0.0	0.0	0.0	0.0	0.0	0.0	0.0	0.0
SRR12921512	1000.0	0.0	0.0	0.0	0.0	0.0	0.0	0.0	0.0	0.0	0.0	0.0	0.0	0.0	0.0	0.0
SRR10312502	1000.0	0.0	0.0	0.0	0.0	0.0	0.0	0.0	0.0	0.0	0.0	0.0	0.0	0.0	0.0	0.0
SRR11271802	1000.0	0.0	1.6425240394535927	0.0	0.0	0.0	0.0	0.0	0.0	0.0	2.4268292682926833	0.0	0.0	0.0	2.3112659698025553	0.0
SRR7464857	1000.0	0.0	0.0	0.0	0.0	0.0	0.0	0.0	0.0	0.0	0.0	0.0	0.0	0.0	0.0	0.0
SRR22541071	1000.0	0.0	0.0	0.0	0.0	0.0	0.0	0.0	0.0	0.0	1.691892359144322	0.0	0.0	0.0	0.12263262648075371	0.0
ERR3341264	1000.0	0.0	0.0	0.0	0.0	0.0	0.0	0.0	0.0	0.0	0.0	0.0	0.0	0.0	0.0	0.0
SRR12921521	1000.0	0.0	0.0	0.0	0.0	0.0	0.0	0.0	0.0	0.0	0.0	0.0	0.0	0.0	0.0	0.0
SRR10312489	1000.0	0.0	0.22872015052801994	0.0	0.0	0.0	0.0	0.0	0.0	0.0	0.0	0.0	0.0	0.0	0.0	0.0
SRR7464851	1000.0	0.0	0.0	0.0	0.0	0.0	0.0	0.0	0.0	0.0	0.0	0.0	0.0	0.0	0.0	0.0
SRR22541070	1000.0	0.0	0.25092990282598016	0.0	0.0	0.07699873965220885	0.21723011940736495	0.0	0.0	0.0	6.567817071060425	0.0	0.0	0.0	0.08827355510128228	0.0
SRR1971620	1000.0	0.0	0.0	0.0	0.0	0.0	0.0	0.0	0.0	0.0	0.0	0.0	0.0	0.0	0.0	0.0
SRR7464867	1000.0	0.0	0.0	0.0	0.0	0.0	0.0	0.0	0.0	0.0	0.0	0.0	0.0	0.0	0.0	0.0
SRR11271808	1000.0	0.0	1.8616375472636242	0.0	0.0	0.0	0.0	0.0	0.0	0.0	0.9168564920273349	0.0	0.0	0.0	1.9646924829157175	0.0
SRR11451430	1000.0	0.0	0.0	0.0	0.0	0.0	0.0	0.0	0.0	0.0	0.0	0.0	0.0	0.0	0.0	0.0
SRR11582168	1000.0	0.0	0.0	0.0	0.0	0.0	0.0	0.0	0.0	0.0	0.0	0.0	0.0	0.0	0.5168800500936945	0.0
SRR12921518	1000.0	0.0	0.0	0.0	0.0	0.0	0.0	0.0	0.0	0.0	0.0	0.0	0.0	0.0	0.0	0.0
SRR10312496	1000.0	0.0	0.0	0.0	0.0	0.0	0.0	0.0	0.0	0.0	0.0	0.0	0.0	0.0	0.0	0.0
SRR7464856	1000.0	0.0	0.0	0.0	0.0	0.0	0.0	0.0	0.0	0.0	0.0	0.0	0.0	0.0	0.0	0.0
SRR12921527	1000.0	0.0	0.0	0.0	0.0	0.0	0.0	0.0	0.0	0.0	0.0	0.0	0.0	0.0	0.0	0.0
SRR1572169	1000.0	0.0	6.022682798842811	0.0	0.0	0.0	0.0	0.0	0.0	0.0	0.0	0.0	0.0	0.0	0.19068243932764828	0.0
SRR5581520	1000.0	0.0	0.0	0.0	0.0	0.0	0.0	0.0	0.0	0.0	0.0	0.0	0.0	0.0	0.0	0.0
SRR22541068	1000.0	0.0	0.0	0.0	0.0	0.11325302371053687	0.0	0.0	0.0	0.0	13.775606616453143	0.0	0.0	0.0	0.06491825109121846	0.0
SRR12921515	1000.0	0.0	0.0	0.0	0.0	0.0	0.0	0.0	0.0	0.0	0.0	0.0	0.0	0.0	0.0	0.0
SRR11271809	1000.0	0.0	0.0	0.0	0.0	0.0	0.0	0.0	0.0	0.0	5.266903213088901	0.0	0.0	0.0	0.6962279293739967	0.0
SRR15714819	1000.0	0.0	0.0	0.0	0.0	0.0	0.0	0.0	0.0	0.0	0.0	0.0	0.0	0.0	0.4766956579974267	0.0
SRR5581519	1000.0	0.0	0.0	0.0	0.0	0.0	0.0	0.0	0.0	0.0	0.0	0.0	0.0	0.0	0.0	0.0
SRR6056610	1000.0	0.0	0.0	0.0	0.0	0.0	0.0	0.0	0.0	0.0	0.0	0.0	0.0	0.0	0.0	0.0
SRR12921523	1000.0	0.0	0.0	0.0	0.0	0.0	0.0	0.0	0.0	0.0	0.0	0.0	0.0	0.0	0.0	0.0
SRR22870106	1000.0	0.0	0.3040126191295163	0.0	0.0	0.0	0.0	0.0	0.0	0.0	0.24954369153547798	0.0	0.0	0.0	4.494090518655601	0.0
SRR22870122	1000.0	0.0	0.5229649249246123	0.0	0.0	0.0	0.0	0.0	0.0	0.0	0.0	0.0	0.0	0.0	0.0	0.0
SRR1971619	1000.0	0.0	1.737312339013008	0.0	0.0	0.0	0.0	0.0	0.0	0.0	0.0	0.0	0.0	0.0	0.6133561384622003	0.0
SRR12921510	1000.0	0.0	0.0	0.0	0.0	0.0	0.0	0.0	0.0	0.0	0.0	0.0	0.0	0.0	0.0	0.0
SRR5211068	1000.0	0.0	0.0	0.0	0.0	0.0	0.0	0.0	0.0	0.0	0.0	0.0	0.0	0.0	0.0	0.0
SRR10312497	1000.0	0.0	0.0	0.0	0.0	0.0	0.0	0.0	0.0	0.0	0.0	0.0	0.0	0.0	0.0	0.0
SRR11451432	1000.0	0.0	0.0	0.0	0.0	0.0	0.0	0.0	0.0	0.0	0.0	0.0	0.0	0.0	0.0	0.0
