	reference	I	II	III	IV	V	VI	VII	VIII	IX	X	XI	XII	XIII	MHET_I	MHET_II
SRR23952767	1000.0	0.0	0.0	0.0	0.0	0.0	0.0	0.0	0.0	0.0	0.0	0.0	0.0	0.0	0.0	0.0
SRR10968151	1000.0	0.0	0.8840815259930959	0.0	0.0	0.0	0.0	0.0	0.0	0.0	5.356398667125609	0.0	0.0	0.0	4.200691744884037	0.0
SRR23952761	1000.0	0.0	0.0	0.0	0.0	0.0	0.0	0.0	0.0	0.0	0.0	0.0	0.0	0.0	0.0	0.0
SRR14454007	1000.0	0.0	0.8031702694463957	0.0	0.0	0.1643037830539356	0.0	0.0	0.0	0.0	0.0	0.0	0.0	0.0	2.4487131667288327	0.0
SRR15677241	1000.0	0.7225995631489184	0.0	0.0	0.0	0.28513793769116197	0.0	0.2707966804700089	0.0	0.0	0.28602899374644686	0.0	0.0	0.0	1.1441159749857874	0.0
SRR13961592	1000.0	0.0	0.6200388375975198	0.0	0.0	0.0	0.0	0.0	0.0	0.0	0.29082774049217003	0.0	0.0	0.0	1.5958414610538452	0.0
SRR20746681	1000.0	0.0	46.32904819691813	0.0	0.0	0.0	0.0	0.0	0.0	0.0	13.315351436403022	0.0	0.0	0.25240106456838696	0.434241174948638	0.0
SRR23315089	1000.0	0.0	1.1850521372297127	0.0	0.0	0.0	0.0	0.0	0.0	0.0	1.1109603906673902	0.0	0.0	0.0	1.2506532376835002	0.0
SRR12418379	1000.0	0.0	1.1559204594618695	0.0	0.0	0.0	0.0	0.0	0.0	0.0	0.5692908262849707	0.0	0.0	0.0	6.738908192018297	0.0
SRR9691024	1000.0	0.19626989551801582	1.8929583831686805	0.0	0.0	0.0	0.0	0.0	0.0	0.0	0.45282268751656507	0.0	0.0	0.0	1.0661824710298677	0.0
SRR5198900	1000.0	0.0	0.1851871300946019	0.0	0.0	0.03788355620834535	0.0	0.0	0.0	0.0	0.28457268436097327	0.0	0.0	0.0	0.6769812176107477	0.0
SRR10968168	1000.0	0.0	1.4210370035207782	0.0	0.0	0.34884023637830947	0.0	0.0	0.0	0.0	0.0	0.0	0.0	0.0	1.0997811380819738	0.0
SRR20746685	1000.0	0.0	7.991711109683223	0.0	0.0	0.0	0.0	0.0	0.0	0.0	1.9442965561503518	0.0	0.0	0.0	1.125960454009539	0.0
SRR5209942	1000.0	0.0	2.4001632224340166	0.0	0.0	0.0	0.0	0.0	0.0	0.0	0.44586261673526395	0.0	0.0	0.0	0.0	0.0
SRR11837390	1000.0	0.0	1.5660050457460715	0.0	0.0	0.0	0.0	0.0	0.0	0.0	0.09640718562874252	0.0	0.0	0.0	1.5175663036583924	0.0
SRR23315084	1000.0	0.0	1.1162701181225492	0.0	0.0	0.0	0.0	0.0	0.0	0.0	5.1966758834493785	0.0	0.0	0.0	2.1608408523755633	0.0
SRR6056296	1000.0	0.0	0.0	0.0	0.0	0.0	0.0	0.0	0.0	0.0	1.02039189426189	0.0	0.0	0.0	0.0	0.0
SRR14454002	1000.0	0.0	1.502499627578717	0.0	0.0	0.0	0.0	0.0	0.0	0.0	0.1321394761754497	0.0	0.0	0.0	3.1714825056206317	0.0
SRR9691030	1000.0	0.0	0.7600844877832652	0.0	0.0	0.0	0.0	0.0	0.0	0.0	0.8023132114302992	0.0	0.0	0.0	0.1336934322261636	0.0
SRR9691032	1000.0	0.0	1.807099370587289	0.0	0.0	0.0	0.0	0.0	0.0	0.0	0.756496974012104	0.0	0.0	0.0	0.7823868605599112	0.0
SRR7497722	1000.0	0.0	0.0	0.0	0.0	0.0	0.0	0.0	0.0	0.0	0.0	0.0	0.0	0.0	2.165748237198422	0.0
SRR11837301	1000.0	0.23077699730279386	1.335460796574543	0.0	0.0	0.13659697659666925	0.0	0.0	0.0	0.0	0.0	0.0	0.0	0.0	1.58026449723902	0.0
SRR20746677	1000.0	0.0	1.023706325572523	0.0	0.0	0.0	0.0	0.0	0.0	0.0	12.982112636069974	0.0	0.0	0.0	1.4405010438413361	0.0
SRR14454013	1000.0	0.0	0.2912606517319147	0.0	0.0	0.0	0.0	0.0	0.0	0.0	0.5379220161673799	0.0	0.0	0.0	1.0540713256577163	0.0
SRR23315088	1000.0	0.0	13.508198649547705	0.0	0.0	0.0	0.0	0.0	0.0	0.0	2.711561087265523	0.0	0.0	0.0	1.8115011758710478	0.0
SRR21120498	1000.0	0.0	0.862773104571949	0.0	0.0	0.0	0.0	0.0	0.0	0.0	0.1416385846672283	0.0	0.0	0.0	0.0	0.0
SRR10968162	1000.0	0.0	0.9974207249439482	0.0	0.0	0.0	0.0	0.0	0.0	0.0	0.0	0.0	0.0	0.0	0.0	0.0
SRR11341812	1000.0	0.0	0.0	0.0	0.0	0.0	0.0	0.0	0.0	0.0	0.0	0.0	0.0	0.0	0.0	0.0
SRR7497680	1000.0	0.0	0.4988837476147121	0.0	0.0	0.0	0.0	0.0	0.0	0.0	0.0	0.0	0.0	0.0	1.4309633442744496	0.0
SRR15532678	1000.0	0.03632502640897107	1.436405866628856	0.07511000849306876	0.0	0.06450238334303275	0.0	0.0	0.0	0.0	0.09058553460737159	0.0	0.0	0.0	0.7301214446860542	0.05001271751959784
SRR9691052	1000.0	0.0	1.6424064232557942	0.0	0.0	0.0	0.0	0.0	0.0	0.0	2.447252103318742	0.0	0.0	0.0	1.8785471031216334	0.0
SRR5124970	1000.0	0.0	0.0	0.0	0.0	0.0	0.0	0.0	0.0	0.0	0.9723855643952496	0.0	0.0	0.0	0.3275250778277412	0.0
SRR21120503	1000.0	0.0	10.895922920236671	0.0	0.0	0.0	0.0	0.0	0.0	0.0	0.0	0.0	0.0	0.0	16.646301832835046	0.0
SRR7498049	1000.0	0.0	0.5800446604334406	0.0	0.0	0.0	0.0	0.0	0.0	0.0	0.0	0.0	0.0	0.0	1.4294589965607307	0.0
SRR9691020	1000.0	0.1234986097585073	10.719930085636925	0.0	0.0	0.0	0.0	0.0	0.0	0.0	4.744976514654439	0.0	0.0	0.0	0.922731629862117	0.0
SRR5198901	1000.0	0.0	0.18880443636481334	0.0	0.0	0.057935317700729315	0.2559252795679006	0.0	0.0	0.0	0.20759635867798273	0.0	0.0	0.0	0.8695582138434443	0.0
SRR9691022	1000.0	0.0	1.1778220175549632	0.0	0.0	0.0	0.0	0.0	0.0	0.0	0.4833977863715162	0.0	0.0	0.0	0.6913121458855025	0.0
SRR6047969	1000.0	0.0	1.3456370083101314	0.0	0.0	0.0	0.17371591784868673	0.0	0.0	0.0	2.6900365070797814	0.0	0.0	0.0	3.789434331547571	0.0
SRR20746676	1000.0	0.0	5.632399797978387	0.0	0.0	0.0	0.0	0.0	0.0	0.0	3.0091788911379953	0.0	0.0	0.0	1.8833950769069392	0.0
SRR5209946	1000.0	0.0	1.6096993327572693	0.0	0.0	0.0	0.0	0.0	0.0	0.0	0.0	0.0	0.0	0.0	0.0	0.0
SRR10968271	1000.0	0.0	0.6132678757258725	0.0	0.0	0.0	0.0	0.0	0.0	0.0	1.334030366213339	0.0	0.0	0.0	4.6389668551905885	0.0
SRR14454017	1000.0	0.0	0.0	0.0	0.0	0.0	0.0	0.0	0.0	0.0	0.17207779418123806	0.0	0.0	0.0	3.290801321508931	0.0
SRR5210469	1000.0	0.0	0.0	0.0	0.0	0.0	0.0	0.0	0.0	0.0	0.0	0.0	0.0	0.0	0.0	0.0
SRR19666941	1000.0	0.0	37.065321014829124	0.0	0.0	0.0	0.0	0.0	0.0	0.0	1.6886751498206831	0.0	0.0	0.32366437233693873	1.4816008508514187	0.0
SRR14454003	1000.0	0.0	0.8445064713984705	0.0	0.0	0.0	0.0	0.0	0.0	0.0	0.1386398123879156	0.0	0.0	0.0	3.2679384348580096	0.0
SRR22829732	1000.0	0.0	0.0	0.0	0.0	0.0	0.0	0.0	0.0	0.0	0.0	0.0	0.0	0.0	0.0	0.0
SRR18354918	1000.0	0.0	6.026944598870467	0.0	0.0	0.0	0.0	0.0	0.0	0.0	12.108864507453097	0.0	0.0	0.0	2.1201930106740745	0.0
SRR19666933	1000.0	0.0	1.7557888881162647	0.0	0.0	0.0	0.0	0.0	0.0	0.0	0.0	0.0	0.0	0.0	2.724328173050042	0.0
SRR7499255	1000.0	0.0	1.2497712364788716	0.0	0.0	0.0	0.0	0.0	0.0	0.0	0.0	0.0	0.0	0.0	0.9219642423483553	0.0
SRR14454006	1000.0	0.0	1.0291553041435533	0.0	0.0	0.0	0.37200659617666065	0.0	0.0	0.0	0.0	0.0	0.0	0.0	5.742123810219099	0.0
SRR9691046	1000.0	0.0	0.457332865051431	0.0	0.0	0.0	0.0	0.0	0.0	0.0	3.3013078582282707	0.0	0.0	0.0	1.2074902806567673	0.0
SRR23952762	1000.0	0.0	0.0	0.0	0.0	0.0	0.0	0.0	0.0	0.0	0.0	0.0	0.0	0.0	0.0	0.0
SRR6056297	1000.0	0.0	1.1388378207099068	0.0	0.0	0.0	0.0	0.0	0.0	0.0	0.3660130143575123	0.0	0.0	0.0	0.0	0.0
SRR14626156	1000.0	0.0	0.6836474856303015	0.0	0.0	0.0	0.0	0.0	0.0	0.0	0.0	0.0	0.0	0.0	0.24049741905208818	0.0
SRR23315093	1000.0	0.0	3.2105241300437974	0.0	0.0	0.0	0.0	0.0	0.0	0.0	0.7968661032695016	0.0	0.0	0.0	2.714249478372325	0.0
SRR5476986	1000.0	0.05784904714881576	1.3390439340030447	0.0	0.0	0.06848173805778811	0.3025133658240824	0.06503739028565085	0.0	0.0	0.9252693582486493	0.0	0.0	0.0	1.7693341233607758	0.0
SRR9691025	1000.0	0.0	5.847480661441154	0.0	0.0	0.0	0.0	0.0	0.0	0.0	1.6767746972351285	0.0	0.0	0.0	4.291388319686024	0.0
SRR13961594	1000.0	0.06678784874273597	0.2576587058095398	0.0	0.0	0.0	0.0	0.0	0.0	0.0	0.3542538810395954	0.0	0.0	0.0	0.22708981988833965	0.0
SRR20746696	1000.0	0.0	19.270934242647343	0.0	0.0	0.0	0.0	0.0	0.0	0.0	5.255513844986865	0.0	0.0	0.0	0.9521127701563719	0.0
SRR14454020	1000.0	0.0	0.8847150926578341	0.0	0.0	0.09049266524070267	0.0	0.08594125900078567	0.0	0.0	0.7045904350281674	0.0	0.0	0.0	2.7491994888215614	0.0
SRR23952765	1000.0	0.0	0.0	0.0	0.0	0.0	0.0	0.0	0.0	0.0	0.0	0.0	0.0	0.0	0.0	0.0
SRR18694249	1000.0	0.22299093741959464	17.635526928920225	0.0	0.0	0.0	0.0	0.0	0.0	0.0	2.902614421196298	0.0	0.0	0.0	2.9555378410793223	0.0
SRR14454023	1000.0	0.0	0.4626875114633387	0.0	0.0	0.14197732049575967	0.20905834806944432	0.0	0.0	0.0	0.0	0.0	0.0	0.0	0.5701223293421384	0.0
SRR10968283	1000.0	0.0	0.5760665676922667	0.0	0.0	0.0	0.0	0.0	0.0	0.0	0.0	0.0	0.0	0.0	0.8122451802945567	0.0
SRR9691048	1000.0	0.0	0.6731266947988183	0.0	0.0	0.20655133781209842	0.0	0.0	0.0	0.0	0.0	0.0	0.0	0.0	0.11839817756729212	0.0
SRR15677240	1000.0	0.0	1.7297128155204784	0.0	0.0	0.7076914323105592	0.0	0.0	0.0	0.0	0.0	0.0	0.0	0.0	0.4067512774028231	0.0
SRR15400729	1000.0	0.0	9.267174533047879	0.0	0.0	0.0	0.0	0.0	0.0	0.0	2.9313712956764304	0.0	0.0	0.0	2.175881456350597	0.0
SRR5817588	1000.0	0.0	0.44752611613881405	0.0	0.0	0.0	0.10110395054970914	0.06520905686342186	0.0	0.0	0.8495128046821645	0.0	0.0	0.0	2.0864855271924556	0.0
SRR15400733	1000.0	0.0	2.5914666704636873	0.0	0.0	0.0	0.0	0.0	0.0	0.0	0.6077606358111268	0.0	0.0	0.0	0.7835108581443005	0.0
SRR5209944	1000.0	0.0	2.7971758541307463	0.0	0.0	0.0	0.0	0.0	0.0	0.0	0.6813980534981942	0.0	0.0	0.0	0.0	0.0
SRR11837468	1000.0	0.0	1.0468730357584086	0.0	0.0	0.10707891383406361	0.0	0.0	0.0	0.0	1.0884571591232566	0.0	0.0	0.0	0.7406004945328621	0.0
SRR9691034	1000.0	0.0	0.8011357411532702	0.0	0.0	0.0	0.0	0.0	0.0	0.0	0.7700829468004544	0.0	0.0	0.0	3.383707314867074	0.0
SRR17401463	1000.0	0.0	0.37123639766636674	0.0	0.0	0.0	0.0	0.0	0.0	0.0	0.0	0.0	0.0	0.0	1.8299796577560603	0.0
SRR23315092	1000.0	0.0	3.2482467537707906	0.0	0.0	0.0	0.0	0.0	0.0	0.0	4.593118969539331	0.0	0.0	0.0	2.286604510308175	0.0
SRR5124966	1000.0	0.0	0.0	0.0	0.0	0.0	0.0	0.18112238493348687	0.0	0.0	0.0	0.0	0.0	0.0	0.394911485721049	0.0
SRR5209948	1000.0	0.0	0.0	0.0	0.0	0.0	0.0	0.0	0.0	0.0	0.0	0.0	0.0	0.0	0.0	0.0
ERR2767290	1000.0	0.0	9.730990234224018	0.0	0.0	0.0	0.0	0.0	0.0	0.0	5.689042025734858	0.0	0.0	0.0	13.73192950684999	0.0
SRR20746691	1000.0	0.0	46.21044864051035	0.0	0.0	0.0	0.0	0.0	0.0	0.0	14.662126266549297	0.0	0.0	0.6392878077373974	0.3653073187070842	0.0
SRR19666934	1000.0	0.0	0.0	0.0	0.0	0.0	0.0	0.0	0.0	0.0	0.15143971454651067	0.0	0.0	0.0	3.92291088804835	0.0
SRR7497947	1000.0	0.0	0.7161022757730324	0.0	0.0	0.0	0.0	0.0	0.0	0.0	0.0	0.0	0.0	0.0	0.5038291011688834	0.0
SRR5209947	1000.0	0.0	0.0	0.0	0.0	0.0	0.0	0.0	0.0	0.0	0.0	0.0	0.0	0.0	0.0	0.0
SRR23952760	1000.0	0.0	0.0	0.0	0.0	0.0	0.0	0.0	0.0	0.0	0.0	0.0	0.0	0.0	0.0	0.0
SRR7497948	1000.0	0.0	0.0	0.0	0.0	0.0	0.0	0.0	0.0	0.0	0.0	0.0	0.0	0.0	1.53982238828592	0.0
SRR1269555	1000.0	0.0	0.0	0.0	0.0	0.0	0.0	0.0	0.0	0.0	0.0	0.0	0.0	0.0	0.0	0.0
SRR5210470	1000.0	0.0	1.875570990361985	0.0	0.0	0.0	0.0	0.2732895599861769	0.0	0.0	0.6158398458286664	0.0	0.0	0.0	0.6615759182773858	0.0
SRR23315087	1000.0	0.0	4.114832196433575	0.0	0.0	0.0	0.0	0.0	0.0	0.0	3.875341743597288	0.0	0.0	0.0	0.9663255290661767	0.0
SRR23952766	1000.0	0.0	0.0	0.0	0.0	0.0	0.0	0.0	0.0	0.0	0.0	0.0	0.0	0.0	0.0	0.0
SRR5124968	1000.0	0.0	0.32867107329364936	0.0	0.0	0.0	0.0	0.0	0.0	0.0	0.26978417266187055	0.0	0.0	0.0	0.0	0.0
SRR5494549	1000.0	0.0	5.96472376939943	0.0	0.0	0.0	0.0	0.0	0.0	0.0	0.19983853445096728	0.0	0.0	0.0	1.4507129516202624	0.0
SRR20746679	1000.0	0.0	10.501471111254807	0.0	0.0	0.0	0.0	0.0	0.0	0.0	13.707727620845208	0.0	0.0	0.0	1.5851507939042282	0.0
SRR10968219	1000.0	0.0	12.576446957202538	0.0	0.0	0.0	0.0	0.0	0.0	0.0	1.2467001058489986	0.0	0.0	0.0	3.648774509451977	0.0
SRR22829731	1000.0	0.0	0.0	0.0	0.0	0.0	0.0	0.0	0.0	0.0	0.0	0.0	0.0	0.0	0.0	0.0
SRR15677228	1000.0	0.0	0.39769855957695843	0.0	0.0	0.0	0.0	0.0	0.0	0.0	0.0	0.0	0.0	0.0	0.7017839374366192	0.0
SRR15532675	1000.0	0.0	1.6645161037247636	0.08439715698287502	0.0	0.053764497857645255	0.0	0.01702012210286403	0.0	0.0	0.026757215212874618	0.0	0.0	0.0	0.8058700541364145	0.0416869657302032
SRR5246790	1000.0	0.0	1.8096560515353624	0.16204647370566652	0.0	0.0	0.20441642325256099	0.0	0.0	0.0	0.2506656390134529	0.0	0.0	0.0	1.9264529061797993	0.0
SRR22829733	1000.0	0.0	0.0	0.0	0.0	0.0	0.0	0.0	0.0	0.0	0.0	0.0	0.0	0.0	0.0	0.0
SRR5817590	1000.0	0.0	2.1034755914769043	0.0	0.0	0.0	0.11880295055073112	0.0	0.0	0.0	0.16186902012537116	0.0	0.0	0.0	1.1102908222511643	0.0
SRR10968278	1000.0	0.0	1.5620891582463672	0.0	0.0	0.0	0.0	0.0	0.0	0.0	2.3489375996943025	0.0	0.0	0.0	6.700232656651949	0.0
SRR15677230	1000.0	0.0	0.0	0.0	0.0	0.22292720569321783	0.0	0.0	0.0	0.0	0.0	0.0	0.0	0.0	0.6396135447574184	0.0
SRR10968153	1000.0	0.0	0.0	0.0	0.0	0.0	0.0	0.0	0.0	0.0	2.4326852687723806	0.0	0.0	0.0	2.7785895742747138	0.0
SRR15495778	1000.0	0.0	0.666564118340768	0.0	0.0	0.0	0.40156920890865844	0.0	0.0	0.0	0.10942760942760942	0.0	0.0	0.0	2.9044444247060297	0.0
SRR12172648	1000.0	0.0	0.9685973810510526	0.0	0.0	0.0	0.0	0.0	0.0	0.0	0.0	0.0	0.0	0.0	1.4483689687716934	0.0
SRR9691045	1000.0	0.0	0.0	0.0	0.0	0.0	0.625965845738542	0.0	0.0	0.0	0.9143650518173254	0.0	0.0	0.0	0.3661755706864862	0.0
SRR16547336	1000.0	0.0	4.774380687267538	0.0	0.0	0.0	0.0	0.0	0.0	0.0	5.84483938747649	0.0	0.0	0.22609447004608293	1.1636985353130949	0.0
SRR5494540	1000.0	0.0	4.529067990374319	0.0	0.0	0.08686004615495918	0.0	0.0	0.0	0.0	1.7852639104794195	0.0	0.0	0.0	1.6437653060808077	0.0
SRR17401461	1000.0	0.0	0.9614976740240091	0.0	0.0	0.0	0.0	0.0	0.0	0.0	0.6938279918781312	0.0	0.0	0.0	4.2405498078368975	0.0
SRR11837389	1000.0	0.09487440999976282	2.379084189841768	0.0	0.0	0.0	0.0	0.0	0.0	0.0	0.11266336187471834	0.0	0.0	0.0	2.008762190392058	0.0
SRR9691039	1000.0	0.0	1.5037433703498104	0.0	0.0	0.0	0.0	0.0	0.0	0.0	0.8365964852543366	0.0	0.0	0.0	3.0077255729292456	0.0
SRR17401464	1000.0	0.0	0.310942856476551	0.0	0.0	0.0	0.0	0.0	0.0	0.0	0.4158042060032871	0.0	0.0	0.0	2.6258352654134036	0.0
SRR20746689	1000.0	0.0	12.052666416049926	0.0	0.0	0.0	0.0	0.0	0.0	0.0	9.542649867331617	0.0	0.0	0.0	2.1226128998465223	0.0
SRR9656207	1000.0	0.0	0.8484787777191829	0.0	0.0	0.0	0.0	0.0	0.0	0.0	1.1033144545319744	0.0	0.0	0.0	1.8105937654635123	0.0
SRR23315091	1000.0	0.0	15.608190697850484	0.0	0.0	0.0	0.0	0.0	0.0	0.0	2.705670137174385	0.0	0.0	0.0	0.9996603250600639	0.0
SRR10968147	1000.0	0.0	0.6094071531907782	0.0	0.0	0.18699876819093972	0.0	0.0	0.0	0.0	0.7503325573661456	0.0	0.0	0.0	1.9330822914054766	0.0
SRR17541633	1000.0	0.0	0.7600093869192694	0.0	0.0	0.09994782992196002	0.0	0.0	0.0	0.0	0.0	0.0	0.0	0.0	0.34374914362445536	0.0
SRR14454012	1000.0	0.0	1.1727702555102613	0.0	0.0	0.10281964411905718	0.30279913543318676	0.0	0.0	0.0	1.0154280125920718	0.0	0.0	0.0	3.7728578317681776	0.0
SRR17651685	1000.0	0.0	10.786802030456853	0.0	0.0	0.0	0.0	0.0	0.0	0.0	0.0	0.0	0.0	0.0	0.37946428571428564	0.0
SRR5210317	1000.0	0.0	0.0	0.0	0.0	0.0	0.0	0.0	0.0	0.0	0.0	0.0	0.0	0.0	0.0	0.0
SRR22215818	1000.0	0.0	2.554616509705557	0.0	0.0	0.19597330701401666	0.0	0.0	0.0	0.0	0.2207278300052609	0.0	0.0	0.0	1.0270601069632546	0.0
SRR7498050	1000.0	0.0	0.0	0.0	0.0	0.0	0.0	0.0	0.0	0.0	0.0	0.0	0.0	0.0	0.42710403554442233	0.0
SRR11734618	1000.0	0.0	2.527809584069223	0.0	0.0	0.0	0.0	0.1841636420346291	0.0	0.0	0.0	0.0	0.0	0.0	2.054269500913579	0.0
SRR15677234	1000.0	0.0	0.0	0.0	0.0	0.0	0.0	0.0	0.0	0.0	0.0	0.0	0.0	0.0	0.16117558134364854	0.0
SRR5817586	1000.0	0.04588077642930484	1.5930178212002288	0.0	0.0	0.0	0.9529873398799867	0.05158193799744331	0.0	0.0	0.6839677494417412	0.0	0.0	0.0	5.092859975574471	0.0
SRR1269498	1000.0	0.0	0.0	0.0	0.0	0.0	0.0	0.0	0.0	0.0	0.0	0.0	0.0	0.0	0.0	0.0
SRR14454024	1000.0	0.0	0.4892083543224707	0.0	0.0	0.0	0.0	0.0	0.0	0.0	0.487220137661831	0.0	0.0	0.0	4.658898387599314	0.0
SRR11734634	1000.0	0.11847859937984914	6.399047194931953	0.0	0.0	0.0467516799214358	0.0	0.08880052813479818	0.0	0.0	1.1924195967115876	0.0	0.0	0.0	2.7181058178352435	0.0
SRR6056278	1000.0	0.0	0.0	0.0	0.0	0.0	0.0	0.0	0.0	0.0	0.0	0.0	0.0	0.0	0.205	0.0
SRR20746683	1000.0	0.0	7.351868999889079	0.0	0.0	0.0	0.0	0.0	0.0	0.0	21.286394128166158	0.0	0.0	0.2662349619445126	0.7698915782637854	0.0
SRR19666938	1000.0	0.0	31.03374437908579	0.0	0.0	0.0	0.0	0.0	0.0	0.0	0.9269309962515179	0.0	0.0	0.0	2.4101888439932107	0.0
SRR11837712	1000.0	0.0	1.921025311419946	0.0	0.0	0.0	0.0	0.0	0.0	0.0	0.0	0.0	0.0	0.0	2.466353485903007	0.0
SRR10968280	1000.0	0.0	0.0	0.0	0.0	0.0	0.0	0.0	0.0	0.0	0.21584680675589768	0.0	0.0	0.0	3.1043357385327153	0.0
SRR18694246	1000.0	0.0	18.15509494162072	0.0	0.0	0.0	0.0	0.0	0.0	0.0	2.1620465789651595	0.0	0.0	0.0	2.3905216804259615	0.0
SRR14454021	1000.0	0.0	1.4839084090591872	0.0	0.0	0.0	0.1489959003999286	0.0	0.0	0.0	0.32631042421796347	0.0	0.0	0.0	2.3782885165108434	0.0
SRR10968279	1000.0	0.0	0.31348199178148417	0.0	0.0	0.0	0.0	0.0	0.0	0.0	0.1929873511904762	0.0	0.0	0.0	3.4198209972947886	0.0
SRR5198903	1000.0	0.0	0.6516510911296393	0.0	0.0	0.0	0.4976826686266475	0.0	0.0	0.0	0.2857324471269813	0.0	0.0	0.0	1.7081441105712083	0.0
SRR18694242	1000.0	0.11801348030269851	25.723344386791233	0.0	0.0	0.0	0.0	0.0	0.0	0.0	0.8595315148713206	0.0	0.0	0.0	1.5385781027750105	0.0
SRR18694240	1000.0	0.0	18.11809172215263	0.0	0.0	0.13081414950573828	0.0	0.0	0.0	0.0	1.70973315701415	0.0	0.0	0.0	3.0038241018620595	0.0
SRR15677232	1000.0	0.0	0.0	0.0	0.0	0.2261546936763668	0.0	0.0	0.0	0.0	0.18148914167528435	0.0	0.0	0.0	0.7935239527793818	0.0
SRR11837469	1000.0	0.1393291302379045	1.8812968854458167	0.0	0.0	0.0	0.0	0.0	0.0	0.0	0.4301786896095301	0.0	0.0	0.0	1.3376423503135555	0.0
SRR22215819	1000.0	0.1879699248120301	2.5380710659898473	0.0	0.0	0.22251891410769914	0.0	0.0	0.0	0.0	0.0	0.0	0.0	0.0	1.2761971934195582	0.0
SRR9691060	1000.0	0.0	13.516387051748298	0.0	0.0	0.0	0.0	0.0	0.0	0.0	3.0285535266738277	0.0	0.0	0.0	2.9587296760875414	0.0
SRR11837453	1000.0	0.0	1.4492962621135208	0.0	0.0	0.0	0.0	0.0	0.0	0.0	0.0	0.0	0.0	0.0	1.444320529031753	0.0
SRR15677223	1000.0	0.0	0.7875365204759496	0.0	0.0	0.0	0.0	0.0	0.0	0.0	0.0	0.0	0.0	0.0	0.2770440973817179	0.0
SRR11734659	1000.0	0.07807241889890969	3.0119308813792562	0.0	0.0	0.0	0.0	0.08777372538930674	0.0	0.0	0.10595542564852027	0.0	0.0	0.0	2.198952515944398	0.0
SRR5468417	1000.0	0.3015080592429604	1.1631782996175124	0.0	0.0	0.0	0.0	0.0	0.0	0.0	0.3695905242333064	0.0	0.0	0.0	0.8187450192948854	0.0
SRR23952764	1000.0	0.0	0.0	0.0	0.0	0.0	0.0	0.0	0.0	0.0	0.0	0.0	0.0	0.0	0.0	0.0
SRR15677221	1000.0	0.0	1.0587900752043464	0.0	0.0	0.0	0.0	0.0	0.0	0.0	0.0	0.0	0.0	0.0	0.3724672228843861	0.0
SRR11070432	1000.0	0.0	0.28988222933848395	0.0	0.0	0.0	0.0	0.0	0.0	0.0	0.0	0.0	0.0	0.0	0.7284030507612415	0.0
SRR10968156	1000.0	0.0	1.0542861786086428	0.0	0.0	0.0	0.0	0.0	0.0	0.0	0.5841404358353511	0.0	0.0	0.0	7.605594703166441	0.0
SRR15677229	1000.0	0.18059855521155832	1.3934507813277595	0.0	0.0	0.21379268218190703	0.0	0.0	0.0	0.0	0.0	0.0	0.0	0.0	0.4908561270109479	0.0
SRR10968281	1000.0	0.0	0.304916100676029	0.0	0.0	0.0	0.0	0.17771737228750803	0.0	0.0	0.2107665678357113	0.0	0.0	0.0	3.862889897555736	0.0
SRR8191144	1000.0	0.0	3.2860704759094856	0.0	0.0	0.0	0.20717598157270173	0.0	0.0	0.0	0.053767099979582116	0.0	0.0	0.0	1.9669669274292356	0.0
SRR17541634	1000.0	0.0	0.39674281043943543	0.0	0.0	0.0	0.07170489326290716	0.0	0.0	0.0	0.21891570306585242	0.0	0.0	0.0	1.3679211820272519	0.0
SRR15677235	1000.0	0.0	0.6282041568805717	0.0	0.0	0.3855333922288867	0.0	0.0	0.0	0.0	0.0	0.0	0.0	0.0	0.22099324804548684	0.0
SRR9691041	1000.0	0.0	1.2434873637466755	0.0	0.0	0.0	0.0	0.0	0.0	0.0	0.9166117586302077	0.0	0.0	0.0	1.859124634458757	0.0
SRR23315097	1000.0	0.0	6.417009864955465	0.0	0.0	0.0	0.0	0.0	0.0	0.0	5.880373281689072	0.0	0.0	0.0	5.366124388418446	0.0
SRR5210213	1000.0	0.0	1.3501568345162747	0.0	0.0	0.0	0.0	0.0	0.0	0.0	0.0	0.0	0.0	0.0	0.0	0.0
SRR11837428	1000.0	0.0	1.270358823436003	0.0	0.0	0.0	0.0	0.0	0.0	0.0	0.06951685783802572	0.0	0.0	0.0	1.962435744954243	0.0
SRR17651687	1000.0	0.0	0.0	0.0	0.0	0.0	0.0	0.0	0.0	0.0	0.0	0.0	0.0	0.0	0.0	0.0
SRR22829734	1000.0	0.0	0.0	0.0	0.0	0.0	0.0	0.0	0.0	0.0	0.0	0.0	0.0	0.0	0.0	0.0
SRR11837470	1000.0	0.0987763526463217	1.143198396109713	0.0	0.0	0.0	0.0	0.0	0.0	0.0	0.1876750700280112	0.0	0.0	0.0	1.5533579423049035	0.0
SRR11837387	1000.0	0.0	0.3280221086901257	0.0	0.0	0.0	0.0	0.0	0.0	0.0	0.0	0.0	0.0	0.0	1.5026014292219414	0.0
SRR7497733	1000.0	0.0	0.5773967325943754	0.0	0.0	0.0	0.0	0.0	0.0	0.0	0.0	0.0	0.0	0.0	0.8135736911783666	0.0
SRR19666935	1000.0	0.0	0.15535587147541915	0.0	0.0	0.0	0.0	0.0	0.0	0.0	0.11210661787786655	0.0	0.0	0.0	3.388716880706176	0.0
SRR5468418	1000.0	0.0	0.7443630010234991	0.0	0.0	0.0	0.0	0.0	0.0	0.0	0.9651095779453412	0.0	0.0	0.0	0.7855688100087285	0.0
ERR2767289	1000.0	0.0	16.814314590821347	0.0	0.0	0.0	0.0	0.7538506996795188	0.0	0.0	0.0	0.0	0.0	0.0	14.238350441254266	0.0
SRR9691043	1000.0	0.0	0.0	0.0	0.0	0.0	0.0	0.0	0.0	0.0	0.8293107027924842	0.0	0.0	0.0	0.1846331805845976	0.0
SRR15400736	1000.0	0.0	3.39655591366553	0.0	0.0	0.0	0.0	0.0	0.0	0.0	1.4053496935517416	0.0	0.0	0.0	0.7475918439816304	0.0
SRR15677237	1000.0	0.29941921699617835	1.1551198219141903	0.0	0.0	0.0	0.0	0.0	0.0	0.0	0.0	0.0	0.0	0.0	0.8159922403172971	0.0
SRR20746694	1000.0	0.0	9.533403122057846	0.0	0.0	0.0	0.0	0.0	0.0	0.0	2.0269699254062385	0.0	0.0	0.0	3.7763162359299947	0.0
SRR15532677	1000.0	0.0	1.4906578202451843	0.021391287193203767	0.0	0.05277850298136257	0.0	0.0	0.0	0.0	0.07765037251132967	0.0	0.0	0.0	0.8387770359174417	0.0
SRR11837388	1000.0	0.0	2.3806934914357982	0.0	0.0	0.0	0.0	0.0	0.0	0.0	0.22234060565514904	0.0	0.0	0.0	1.3000843367835395	0.0
SRR20746698	1000.0	0.0	6.8602368866328245	0.0	0.0	0.0	0.0	0.0	0.0	0.0	2.2676872149335723	0.0	0.0	0.0	5.0111173805249205	0.0
SRR5209945	1000.0	0.0	1.5620002208889199	0.0	0.0	0.0	0.0	0.0	0.0	0.0	3.357814218591592	0.0	0.0	0.0	0.0	0.0
SRR5209943	1000.0	0.0	2.036112721462607	0.0	0.0	0.0	0.0	0.0	0.0	0.0	0.883398611666067	0.0	0.0	0.0	0.0	0.0
SRR11837429	1000.0	0.0	0.5253445932191146	0.0	0.0	0.0	0.0	0.0	0.0	0.0	0.0	0.0	0.0	0.0	1.4799628524513035	0.0
SRR9691044	1000.0	0.0	4.858851862358686	0.0	0.0	0.0	0.0	0.0	0.0	0.0	1.2310775948988604	0.0	0.0	0.0	0.5567351792084254	0.0
SRR15677216	1000.0	0.0	0.7402707275803723	0.0	0.0	0.0	0.0	0.0	0.0	0.0	0.0	0.0	0.0	0.0	0.7812499999999999	0.0
SRR5210208	1000.0	0.0	0.3956505910717597	0.0	0.0	0.0	0.0	0.0	0.0	0.0	0.2598105548037889	0.0	0.0	0.0	0.0	0.0
SRR10968141	1000.0	0.0	1.0546917255277464	0.0	0.0	0.21575728964586297	0.0	0.0	0.0	0.0	0.0	0.0	0.0	0.0	0.6618731418064743	0.0
SRR23315094	1000.0	0.0	2.853423567113998	0.0	0.0	0.0	0.0	0.0	0.0	0.0	2.061122956645345	0.0	0.0	0.0	1.2045523772602662	0.0
SRR10968150	1000.0	0.0	2.01324959132754	0.0	0.0	0.0	0.0	0.0	0.0	0.0	0.0	0.0	0.0	0.0	0.42722818975747795	0.0
SRR20746684	1000.0	0.0	10.231082664606044	0.0	0.0	0.0	0.0	0.0	0.0	0.0	10.27590612781849	0.0	0.0	0.0	1.2767612562727135	0.0
SRR5198902	1000.0	0.0	0.23644092808771466	0.0	0.0	0.0	0.0	0.0	0.0	0.0	0.2069685268959957	0.0	0.0	0.0	0.7295315762672164	0.0
SRR5817585	1000.0	0.0	1.9552547471329198	0.0	0.0	0.0	0.5048298626280278	0.2442002442002442	0.0	0.0	1.3241561357913882	0.0	0.0	0.0	4.298051661422796	0.0
SRR14626311	1000.0	0.0	0.4894305102143128	0.0	0.0	0.0	0.0	0.0	0.0	0.0	0.6324178969081071	0.0	0.0	0.0	0.0	0.0
SRR7497946	1000.0	0.0	0.0	0.0	0.0	0.0	0.0	0.0	0.0	0.0	0.0	0.0	0.0	0.0	1.717866614108452	0.0
SRR15400730	1000.0	0.0	4.598522829053049	0.0	0.0	0.0	0.0	0.0	0.0	0.0	0.4948545958266059	0.0	0.0	0.25736051060325305	2.0854376772438146	0.0
SRR9691028	1000.0	0.0	10.696216408006011	0.0	0.0	0.0	0.0	0.0	0.0	0.0	2.4909224109508052	0.0	0.0	0.0	1.9095064574370308	0.0
SRR19666937	1000.0	0.0	28.53448629715271	0.0	0.0	0.0	0.0	0.0	0.0	0.0	1.5242570182177713	0.0	0.0	0.0	2.5722673897308663	0.0
SRR23315096	1000.0	0.0	23.827657953970068	0.0	0.0	0.0	0.0	0.0	0.0	0.0	3.0970132792164824	0.0	0.0	0.0	2.3975025728220984	0.0
SRR7500322	1000.0	0.0	0.0	0.0	0.0	0.0	0.0	0.0	0.0	0.0	0.0	0.0	0.0	0.0	2.7920433996383363	0.0
SRR18354917	1000.0	0.0	16.353648437648157	0.0	0.0	0.0	0.0	0.0	0.0	0.0	19.167940346089463	0.0	0.0	0.7744396014943961	0.8850738302793097	0.0
SRR15400728	1000.0	0.0	11.850408773990564	0.0	0.0	0.2797184913103452	0.0	0.0	0.0	0.0	0.2805926115956901	0.0	0.0	0.0	2.6138199517288174	0.0
ERR2767288	1000.0	0.3616971945281707	12.558420358236992	0.0	0.0	0.0	0.0	0.0	0.0	0.0	1.412105485486694	0.0	0.0	0.0	8.454019482440499	0.0
SRR15677219	1000.0	0.0	1.2394506555386007	0.0	0.0	0.0	0.0	0.0	0.0	0.0	0.0	0.0	0.0	0.0	0.8732162722233323	0.0
SRR10968155	1000.0	0.0	0.0	0.0	0.0	0.0	0.0	0.21208037963559667	0.0	0.0	1.075247524752475	0.0	0.0	0.0	5.890786549521523	0.0
SRR14454015	1000.0	0.0	0.9730280390662694	0.0	0.0	0.14928856985674072	0.0	0.0	0.0	0.0	0.0	0.0	0.0	0.0	0.7701690684216498	0.0
SRR23315100	1000.0	0.0	4.884260470633383	0.0	0.0	0.0	0.0	0.0	0.0	0.0	7.475159468301316	0.0	0.0	0.0	1.9329896907216488	0.0
SRR19666936	1000.0	0.18943462552485113	28.13633067440174	0.0	0.0	0.0	0.0	0.0	0.0	0.0	0.9550662370211244	0.0	0.0	0.0	2.0615651889238524	0.0
SRR10968221	1000.0	0.0	7.6367537935822405	0.0	0.0	0.0	0.0	0.0	0.0	0.0	0.28366271608199634	0.0	0.0	0.0	1.305698687598997	0.0
SRR7498056	1000.0	0.0	0.3291501457393131	0.0	0.0	0.0	0.0	0.0	0.0	0.0	0.16210644677661168	0.0	0.0	0.0	2.184721881722093	0.0
SRR10968211	1000.0	0.0	2.3872357710058933	0.0	0.0	0.0	0.0	0.0	0.0	0.0	0.19595226953673375	0.0	0.0	0.0	2.351879547963716	0.0
SRR17651688	1000.0	0.0	0.0	0.0	0.0	0.0	0.0	0.0	0.0	0.0	0.0	0.0	0.0	0.0	0.0	0.0
SRR5476985	1000.0	0.0	1.4424010429669079	0.18718906815841954	0.0	0.08047380500268504	0.23699166427396237	0.0	0.0	0.0	0.2421758569299553	0.0	0.0	0.0	1.6150851313625583	0.18718906815841954
SRR7497677	1000.0	0.0	0.7147208121827411	0.0	0.0	0.4386292834890965	0.0	0.0	0.0	0.0	0.0	0.0	0.0	0.0	1.0416326530612245	0.0
SRR18694247	1000.0	0.0	23.630537886432375	0.0	0.0	0.0	0.0	0.0	0.0	0.0	0.7992037431289768	0.0	0.0	0.0	3.2409492761176506	0.0
SRR17401454	1000.0	0.0	1.7515997412133018	0.0	0.0	0.0	0.19785845700631907	0.0	0.0	0.0	0.7740858811699007	0.0	0.0	0.0	1.4854526504326455	0.0
SRR11734617	1000.0	0.0	3.038778963361994	0.0	0.0	0.0	0.0	0.24151672503320853	0.0	0.0	0.20656664492280932	0.0	0.0	0.0	1.8122685266536906	0.0
SRR7499317	1000.0	0.0	0.0	0.0	0.0	0.40334267710087823	0.0	0.0	0.0	0.0	0.0	0.0	0.0	0.0	0.9590812165559407	0.0
SRR9691050	1000.0	0.0	4.948600872382216	0.0	0.0	0.0	0.0	0.0	0.0	0.0	7.6706335124609435	0.0	0.0	0.0	0.8214283250357061	0.0
SRR11341813	1000.0	0.0	0.0	0.0	0.0	0.0	0.0	0.0	0.0	0.0	0.0	0.0	0.0	0.0	0.0	0.0
SRR9691027	1000.0	0.0	0.6673950851450136	0.0	0.0	0.2047925728560244	0.0	0.2845818869557742	0.0	0.0	0.0	0.0	0.0	0.0	1.8933118105779367	0.0
SRR15677218	1000.0	0.322234156820623	3.1078421216202217	0.0	0.0	0.3814609956131986	0.0	0.0	0.0	0.0	0.0	0.0	0.0	0.0	1.0932944606413992	0.0
SRR9691056	1000.0	0.0	21.93694228112844	0.0	0.0	0.0	0.0	0.0	0.0	0.0	2.413431949893606	0.0	0.0	0.22889712020033387	1.5695802528022893	0.0
SRR10968224	1000.0	0.0	3.2765733494049534	0.0	0.0	0.0	0.0	0.0	0.0	0.0	0.6693468621386242	0.0	0.0	0.0	3.4711944491349582	0.0
SRR10968273	1000.0	0.0	0.0	0.0	0.0	0.0	0.0	0.0	0.0	0.0	1.3491200096071605	0.0	0.0	0.0	3.293984184477953	0.0
SRR16547339	1000.0	0.0	3.6539403494237948	0.0	0.0	0.0	0.0	0.0	0.0	0.0	0.8552730068462453	0.0	0.0	0.0	0.5361619383592287	0.0
SRR5817587	1000.0	0.0	1.5340411399152902	0.0	0.0	0.0	0.4158799604082278	0.0	0.0	0.0	0.38533986271827353	0.0	0.0	0.0	3.022641320355	0.0
SRR7690237	1000.0	0.0	0.0	0.0	0.0	0.0	0.0	0.0	0.0	0.0	0.0	0.0	0.0	0.0	0.0	0.0
SRR9691036	1000.0	0.0	0.9756150895694551	0.0	0.0	0.0	0.0	0.0	0.0	0.0	2.2250511230308847	0.0	0.0	0.0	0.601537296565977	0.0
SRR9691026	1000.0	0.0	0.516927826625972	0.0	0.0	0.6344846220891992	0.0	0.0	0.0	0.0	0.7637608638398736	0.0	0.0	0.0	1.8209268265653136	0.0
SRR5494512	1000.0	0.0	7.04798061128418	0.0	0.0	0.0	0.0	0.0	0.0	0.0	0.0	0.0	0.0	0.0	1.2743971929386009	0.0
SRR12172649	1000.0	0.0	1.364914302293279	0.0	0.0	0.0	0.0	0.0	0.0	0.0	0.0	0.0	0.0	0.0	1.8622260705989484	0.0
SRR6056279	1000.0	0.0	0.0	0.0	0.0	0.0	0.0	0.0	0.0	0.0	0.0	0.0	0.0	0.0	0.07572200935924035	0.0
SRR9691021	1000.0	0.1919271863870202	9.625586809663753	0.0	0.0	0.0	0.0	0.0	0.0	0.0	0.7293233082706767	0.0	0.0	0.0	1.3037659550260623	0.0
SRR22829735	1000.0	0.0	0.0	0.0	0.0	0.0	0.0	0.0	0.0	0.0	0.0	0.0	0.0	0.0	0.0	0.0
SRR10968272	1000.0	0.0	0.3292367113675117	0.0	0.0	0.0	0.0	0.0	0.0	0.0	0.4729348176831236	0.0	0.0	0.0	4.522831580559618	0.0
SRR10968275	1000.0	0.0	0.4083668475196794	0.0	0.0	0.0	0.0	0.0	0.0	0.0	0.5808622159597129	0.0	0.0	0.0	1.7961071590376643	0.0
SRR23274338	1000.0	2.282138905766205	0.0	0.0	0.0	0.0	0.0	0.0	0.0	0.0	2.6863834648940585	0.0	0.0	0.0	0.0	0.0
SRR23272968	1000.0	0.0	1.3000672899150059	0.0	0.0	0.0	0.0	0.0	0.0	0.0	5.443219668861208	0.0	0.0	0.0	0.45734510020224306	0.0
SRR5476650	1000.0	0.0	2.8501437699104186	0.20343417488128712	0.0	0.0	0.5151177272223417	0.0	0.0	0.0	0.26319296375266527	0.0	0.0	0.0	2.062933122521663	0.20343417488128712
SRR9691053	1000.0	0.0	3.897796060992673	0.0	0.0	0.2657894856405526	0.0	0.0	0.0	0.0	0.0	0.0	0.0	0.0	2.326352234872774	0.0
SRR14454019	1000.0	0.0	1.4984537440206558	0.0	0.0	0.0	0.16926341030508554	0.0	0.0	0.0	0.3034088804987007	0.0	0.0	0.0	0.6589182758305114	0.0
SRR10968277	1000.0	0.0	0.6229530441433163	0.0	0.0	0.0	0.0	0.18154104984649896	0.0	0.0	1.530775871784714	0.0	0.0	0.0	6.026906526178898	0.0
SRR20746697	1000.0	0.0	8.725309582819754	0.0	0.0	0.0	0.0	0.0	0.0	0.0	31.211166265819244	0.0	0.0	0.6445822454308094	0.6138878527912469	0.0
SRR16547337	1000.0	0.0	4.814315098220519	0.0	0.0	0.0	0.0	0.0	0.0	0.0	6.082502635336118	0.0	0.0	0.0	0.5218116050154886	0.0
SRR14454016	1000.0	0.0	0.7299884603343528	0.0	0.0	0.0	0.16491711775902237	0.0	0.0	0.0	0.40445923130400235	0.0	0.0	0.0	2.5686866800151025	0.0
SRR19666939	1000.0	0.0	40.953544373017024	0.0	0.0	0.0	0.0	0.0	0.0	0.0	1.4532961061461886	0.0	0.0	0.0	2.2583677698497415	0.0
SRR12418381	1000.0	0.0	1.3640435408127256	0.0	0.0	0.0	0.0	0.0	0.0	0.0	2.0473644003055766	0.0	0.0	0.0	0.47985103132161955	0.0
SRR9691054	1000.0	0.0	1.6533584732253042	0.0	0.0	0.0	0.0	0.0	0.0	0.0	7.72538942013838	0.0	0.0	0.3392829366931094	0.38792534085483543	0.0
SRR9691038	1000.0	0.0	0.0	0.0	0.0	0.18206746152693243	0.26809016123919865	0.0	0.0	0.0	0.14610913787536325	0.0	0.0	0.0	1.6698187185755802	0.0
SRR9691049	1000.0	0.1581163010856648	20.739721929205977	0.0	0.0	0.0	0.0	0.0	0.0	0.0	2.45602353344316	0.0	0.0	0.0	0.8600792769044865	0.0
SRR11734648	1000.0	0.05806221663530413	4.255931006161378	0.0	0.0	0.0	0.0	0.1305540965764235	0.0	0.0	0.0	0.0	0.0	0.0	1.7140824304798745	0.0
SRR15400734	1000.0	0.0	6.737310171022408	0.0	0.0	0.0	0.0	0.0	0.0	0.0	1.4635042604437265	0.0	0.0	0.0	1.0393076360176583	0.0
SRR23315098	1000.0	0.0	7.944529454611159	0.0	0.0	0.0	0.0	0.0	0.0	0.0	3.92288996906761	0.0	0.0	0.0	1.6255306349458583	0.0
SRR11341399	1000.0	0.0	2.1580122220506333	0.0	0.0	0.0	0.0	0.0	0.0	0.0	0.0	0.0	0.0	0.0	0.949969544106022	0.0
SRR17401462	1000.0	0.0	2.084801150367786	0.0	0.0	0.0	0.0	0.1350117773249355	0.0	0.0	0.0	0.0	0.0	0.0	3.038522485337146	0.0
SRR23315099	1000.0	0.0	12.902322049331104	0.0	0.0	0.0	0.0	0.0	0.0	0.0	3.7025490833110366	0.0	0.0	0.0	2.498813542306343	0.0
SRR7499979	1000.0	0.2699573184688506	0.5207298528840774	0.0	0.0	0.0	0.0	0.0	0.0	0.0	1.0258378101816321	0.0	0.0	0.0	1.2842705337135398	0.0
SRR9656206	1000.0	0.0	0.0	0.0	0.0	0.0	0.0	0.0	0.0	0.0	0.0	0.0	0.0	0.0	0.9087561922613469	0.0
SRR20746688	1000.0	0.0	21.59649247734047	0.0	0.0	0.0	0.0	0.0	0.0	0.0	0.33927504131069164	0.0	0.0	0.0	2.2502478026070096	0.0
SRR15677215	1000.0	0.0	0.0	0.0	0.0	0.0	0.0	0.0	0.0	0.0	0.0	0.0	0.0	0.0	0.7326977401129943	0.0
SRR15677236	1000.0	0.0	1.2031893496791495	0.0	0.0	0.0	0.0	0.0	0.0	0.0	0.0	0.0	0.0	0.0	1.3139937343901409	0.0
SRR15677225	1000.0	0.196313237401598	0.0	0.0	0.0	0.0	0.0	0.0	0.0	0.0	0.0	0.0	0.0	0.0	0.6682152167671987	0.0
SRR20746686	1000.0	0.24508144557431655	8.509426841260535	0.0	0.0	0.0	0.0	0.0	0.0	0.0	3.4514988554770283	0.0	0.0	0.2910342166195009	5.667514149614486	0.0
SRR15677224	1000.0	0.23203341281144488	0.8951542829274014	0.0	0.0	0.27468129865529295	0.0	0.0	0.0	0.0	0.0	0.0	0.0	0.0	0.4723537332232984	0.0
SRR14454011	1000.0	0.0	1.365493010874368	0.0	0.0	0.0	0.0	0.0	0.0	0.0	1.5269398775419192	0.0	0.0	0.0	2.745165144439326	0.0
SRR9691031	1000.0	0.0	5.183196096098774	0.0	0.0	0.0	0.0	0.0	0.0	0.0	1.2798114104436602	0.0	0.0	0.0	2.8163757302918024	0.0
SRR10968276	1000.0	0.0	1.172585794700277	0.0	0.0	0.0	0.0	0.0	0.0	0.0	0.0	0.0	0.0	0.0	5.5819761134282695	0.0
SRR6056300	1000.0	0.0	0.0	0.0	0.0	0.0	0.0	0.0	0.0	0.0	0.0	0.0	0.0	0.0	0.0	0.0
SRR15400735	1000.0	0.0	6.817528798181992	0.0	0.0	0.0	0.0	0.0	0.0	0.0	0.0	0.0	0.0	0.0	1.3521458483156445	0.0
SRR7498026	1000.0	0.0	0.0	0.0	0.0	0.0	0.0	0.0	0.0	0.0	0.30845157310302285	0.0	0.0	0.38556446637877856	0.4418317609080231	0.0
SRR11837737	1000.0	0.10377621511105604	1.4012422954081678	0.0	0.0	0.0	0.0	0.0	0.0	0.0	0.19717480871100648	0.0	0.0	0.0	2.40811826932406	0.0
SRR23274337	1000.0	0.0	0.0	0.0	0.0	0.0	0.0	0.0	0.0	0.0	26.405103346343534	0.0	0.0	0.0	0.9547083936280719	0.0
SRR11837302	1000.0	0.0	2.7008452198656805	0.0	0.0	0.0	0.0	0.0	0.0	0.0	0.0	0.0	0.0	0.0	3.271508715364176	0.0
SRR16547335	1000.0	0.19086701340840773	4.418038482956035	0.0	0.0	0.0	0.0	0.0	0.0	0.0	3.3388183889645764	0.0	0.0	0.22665457842248413	1.961953521469561	0.0
SRR15532676	1000.0	0.090455463509996	1.709929675691498	0.10207762003370459	0.0	0.06424874043700651	0.0	0.0	0.0	0.0	0.048242913871997875	0.0	0.0	0.0	0.7742704570335552	0.0
SRR5468416	1000.0	0.0	0.9645644358272358	0.0	0.0	0.0	0.0	0.0	0.0	0.0	0.9254967103226459	0.0	0.0	0.0	0.0	0.0
SRR5210209	1000.0	0.0	0.0	0.0	0.0	0.0	0.0	0.0	0.0	0.0	0.0	0.0	0.0	0.0	0.0	0.0
SRR16547334	1000.0	0.0	7.037270944428353	0.0	0.0	0.0	0.0	0.21587392962509894	0.0	0.0	5.373121696153254	0.0	0.0	0.0	0.912067352666043	0.0
SRR16547338	1000.0	0.0	8.738019608763263	0.0	0.0	0.0	0.0	0.0	0.0	0.0	2.760956959846921	0.0	0.0	0.1992349378386994	1.024636823170454	0.0
SRR14454025	1000.0	0.0	0.7567179622964927	0.0	0.0	0.15480107847602187	0.0	0.0	0.0	0.0	0.9859354402937108	0.0	0.0	0.0	3.8423565456243525	0.0
SRR15677214	1000.0	0.3341032832865864	0.0	0.0	0.0	0.0	0.0	0.0	0.0	0.0	0.0	0.0	0.0	0.0	0.908072844013536	0.0
SRR23315085	1000.0	0.0	5.559015484366335	0.0	0.0	0.0	0.0	0.0	0.0	0.0	3.2569263132530883	0.0	0.0	0.0	0.6530310508404437	0.0
SRR11734633	1000.0	0.206699423603893	4.651611394131602	0.09486205431096538	0.0	0.0	0.0	0.07746132245510783	0.0	0.0	1.252345200248723	0.0	0.0	0.0	2.45655687924649	0.09486205431096538
SRR21120497	1000.0	0.0	0.2506907846898567	0.0	0.0	0.0	0.0	0.0	0.0	0.0	0.17701105585627874	0.0	0.0	0.0	0.18897736447921595	0.0
SRR18694233	1000.0	0.0	11.969801256130088	0.0	0.0	0.0	0.0	0.0	0.0	0.0	2.677228876545531	0.0	0.0	0.0	2.6667557941534645	0.0
SRR11734649	1000.0	0.15174379376282615	7.244418174311572	0.0	0.0	0.04490859940021334	0.06612688260306643	0.0	0.0	0.0	0.05148450145524457	0.0	0.0	0.0	1.5041263850148059	0.0
SRR14626312	1000.0	0.0	1.7210207913218831	0.0	0.0	0.0	0.0	0.0	0.0	0.0	1.1152667627974047	0.0	0.0	0.0	0.0	0.0
SRR15677217	1000.0	0.0	0.5767213391867235	0.0	0.0	0.0	0.0	0.0	0.0	0.0	0.0	0.0	0.0	0.0	0.40576465649923044	0.0
SRR15677238	1000.0	0.0	1.572976285105709	0.7668656606123945	0.0	0.0	0.0	0.0	0.0	0.0	0.0	0.0	0.0	0.0	0.5533505860104012	0.0
SRR10968222	1000.0	0.0	9.642352177641795	0.0	0.0	0.0	0.0	0.0	0.0	0.0	0.5488511995361309	0.0	0.0	0.0	2.650793165095196	0.0
SRR5124971	1000.0	0.0	0.0	0.0	0.0	0.0	0.0	0.0	0.0	0.0	0.0	0.0	0.0	0.0	0.3512082491051723	0.0
SRR14454010	1000.0	0.0	0.17182629985313555	0.0	0.0	0.0	0.15527422509664085	0.0	0.0	0.0	0.8553114324207286	0.0	0.0	0.0	1.4510304651873758	0.0
SRR20746693	1000.0	0.0	8.42493994003931	0.0	0.0	0.0	0.0	0.0	0.0	0.0	30.74257591692125	0.0	0.0	0.5459582790091265	0.31197615943378654	0.0
SRR9691042	1000.0	0.0	1.2023934435527324	0.0	0.0	0.0	0.0	0.0	0.0	0.0	1.0235940493741247	0.0	0.0	0.0	1.905899128897364	0.0
SRR15677231	1000.0	0.21689864849704196	0.0	0.0	0.0	0.0	0.0	0.0	0.0	0.0	0.0	0.0	0.0	0.0	0.29436245153169976	0.0
SRR17401453	1000.0	0.0	0.7377928671966478	0.0	0.0	0.0	0.0	0.0	0.0	0.0	0.1816814935471745	0.0	0.0	0.0	0.9086396188904179	0.0
SRR15677220	1000.0	0.0	0.0	0.0	0.0	0.0	0.0	0.0	0.0	0.0	0.0	0.0	0.0	0.0	0.7037297677691766	0.0
SRR14626314	1000.0	0.0	0.0	0.0	0.0	0.0	0.0	0.0	0.0	0.0	0.0	0.0	0.0	0.0	0.0	0.0
SRR18694234	1000.0	0.12082190072337243	13.284275988163689	0.0	0.0	0.1430290413547711	0.0	0.0	0.0	0.0	0.7233840820185606	0.0	0.0	0.0	2.463562894058386	0.0
SRR10968282	1000.0	0.0	2.355912855512108	0.0	0.0	0.0	0.0	0.0	0.0	0.0	0.0	0.0	0.0	0.0	0.4981586494390047	0.0
SRR23315095	1000.0	0.0	12.122974288148804	0.0	0.0	0.0	0.0	0.0	0.0	0.0	0.9165340758419519	0.0	0.0	0.0	3.1448203984335574	0.0
SRR11837213	1000.0	0.0	2.905841649791596	0.0	0.0	0.0	0.0	0.0	0.0	0.0	0.2555583950932788	0.0	0.0	0.0	2.411254272892774	0.0
SRR23952759	1000.0	0.0	0.0	0.0	0.0	0.0	0.0	0.0	0.0	0.0	0.0	0.0	0.0	0.0	0.0	0.0
SRR21120501	1000.0	0.0	0.0	0.0	0.0	0.0	0.1670770868416172	0.0	0.0	0.0	2.5799486826459725	0.0	0.0	0.0	1.8768894377952696	0.0
SRR21120499	1000.0	0.0	0.0	0.0	0.0	0.0	0.0	0.0	0.0	0.0	0.0	0.0	0.0	0.0	0.11400948558920102	0.0
SRR5246791	1000.0	0.0	1.0011433747783676	0.0	0.0	0.12288177248058466	0.7237623663535354	0.0	0.0	0.0	0.2218784004352557	0.0	0.0	0.0	3.044915878961664	0.0
SRR11734660	1000.0	0.025717669949710933	2.529992099621309	0.0	0.0	0.030444593709938177	0.0	0.08674007024458716	0.0	0.0	0.28898227563621043	0.0	0.0	0.0	1.6932749569095242	0.0
SRR5494513	1000.0	0.0	8.705412469294275	0.0	0.0	0.0	0.0	0.0	0.0	0.0	0.0	0.0	0.0	0.0	0.45400022664375517	0.0
SRR20746690	1000.0	0.0	15.822392275104002	0.0	0.0	0.0	0.0	0.0	0.0	0.0	5.448971191669914	0.0	0.0	0.8855145676691729	2.5364007929544297	0.0
SRR9691047	1000.0	0.0	1.2844791043154664	0.0	0.0	0.0	0.0	0.24954870172598315	0.0	0.0	0.8491355152689493	0.0	0.0	0.0	0.6038319994320401	0.0
SRR8191145	1000.0	0.0	2.95559052375006	0.06301421354748506	0.0	0.0	0.0	0.0	0.0	0.0	0.11035778714697711	0.0	0.0	0.0	1.9015488433990009	0.0
SRR18694235	1000.0	0.0	19.19043049562985	0.0	0.0	0.0	0.0	0.0	0.0	0.0	2.3519348914549147	0.0	0.0	0.0	2.4847684975609217	0.0
SRR10968270	1000.0	0.0	0.0	0.0	0.0	0.0	0.0	0.0	0.0	0.0	0.0	0.0	0.0	0.0	0.8953712827850596	0.0
SRR23952769	1000.0	0.0	0.0	0.0	0.0	0.0	0.0	0.0	0.0	0.0	0.0	0.0	0.0	0.0	0.0	0.0
SRR15400732	1000.0	0.0	9.275526192871315	0.0	0.0	0.0	0.0	0.0	0.0	0.0	0.0	0.0	0.0	0.0	1.245557349393705	0.0
SRR18694241	1000.0	0.0	22.47823724273136	0.0	0.0	0.2759011050976996	0.0	0.0	0.0	0.0	0.8217458942391418	0.0	0.0	0.0	2.0641555426781495	0.0
SRR23315090	1000.0	0.32357765305780883	27.4630373559724	0.0	0.0	0.0	0.0	0.0	0.0	0.0	4.256138830267087	0.0	0.0	0.0	0.661469654940681	0.0
SRR17651689	1000.0	0.0	0.0	0.0	0.0	0.0	0.0	0.0	0.0	0.0	0.0	0.0	0.0	0.0	10.083737831532087	0.0
SRR9691019	1000.0	0.0	1.3233120018195539	0.0	0.0	0.0	0.0	0.0	0.0	0.0	0.7354743606043005	0.0	0.0	0.0	1.1816850899826374	0.0
SRR23315086	1000.0	0.0	5.12020586576424	0.0	0.0	0.0	0.0	0.0	0.0	0.0	2.448562341064764	0.0	0.0	0.0	1.5452847150978881	0.0
SRR15677239	1000.0	0.0	0.6571718263498962	0.0	0.0	0.4033110585387214	0.0	0.0	0.0	0.0	0.0	0.0	0.0	0.0	0.9247346413637826	0.0
SRR7499980	1000.0	0.0	0.0	0.0	0.0	0.6413291796469367	0.0	0.0	0.0	0.0	0.6433333333333333	0.0	0.0	0.0	0.7372180901085748	0.0
SRR20746682	1000.0	0.0	17.563554532563348	0.0	0.0	0.0	0.0	0.0	0.0	0.0	6.39120781262035	0.0	0.0	0.0	2.0149923458376198	0.0
SRR18694243	1000.0	0.0	9.901259452073429	0.0	0.0	0.0	0.0	0.0	0.0	0.0	4.579500149313094	0.0	0.0	0.0	2.8124881596843707	0.0
SRR11837467	1000.0	0.20449375015976076	0.7889098990934932	0.0	0.0	0.0	0.0	0.0	0.0	0.0	0.5099562894609033	0.0	0.0	0.0	1.6365494040558233	0.0
SRR10968218	1000.0	0.0	1.4242413176058137	0.0	0.0	0.0	0.0	0.0	0.0	0.0	0.920638489208633	0.0	0.0	0.0	1.2601607026067456	0.0
SRR21120496	1000.0	0.0	0.6426197613332365	0.0	0.0	0.0	0.0	0.0	0.0	0.0	0.0	0.0	0.0	0.0	0.1136410170400786	0.0
SRR10375808	1000.0	0.0	0.6669660434702698	0.0	0.0	0.0	0.0	0.0	0.0	0.0	0.43363798865888825	0.0	0.0	0.0	0.2346291260065056	0.0
SRR5124969	1000.0	0.0	0.0	0.0	0.0	0.0	0.0	0.0	0.0	0.0	0.0	0.0	0.0	0.0	0.37569116316477336	0.0
SRR7499366	1000.0	0.0	0.39372011507231297	0.0	0.0	0.48325771133486384	0.0	0.0	0.0	0.0	0.0	0.0	0.0	0.0	2.1003470753406632	0.0
SRR18694248	1000.0	0.0	17.973002334643763	0.0	0.0	0.1510980864560586	0.0	0.0	0.0	0.0	2.775761342470397	0.0	0.0	0.0	3.120349389565615	0.0
SRR5246785	1000.0	0.0	0.6258257422988664	0.0	0.0	0.0	0.6463311729115424	0.0	0.0	0.0	0.4792103086308646	0.0	0.0	0.0	5.229950795377205	0.0
SRR10968274	1000.0	0.0	0.40910367623412947	0.0	0.0	0.2510698573773318	0.0	0.0	0.0	0.0	0.6716118684843626	0.0	0.0	0.0	2.0780645174843984	0.0
SRR7497678	1000.0	0.0	0.0	0.0	0.0	0.0	0.0	0.0	0.0	0.0	0.0	0.0	0.0	0.0	1.7058395602978902	0.0
SRR18694239	1000.0	0.0	19.686681835709795	0.0	0.0	0.13424286333107752	0.0	0.0	0.0	0.0	1.1832616050039886	0.0	0.0	0.0	2.400170652505627	0.0
SRR7500465	1000.0	0.0	2.2922668861755158	0.0	0.0	0.2813561224776178	0.0	0.0	0.0	0.0	0.0	0.0	0.0	0.0	3.229890171654085	0.0
SRR23273029	1000.0	0.0	0.0	0.0	0.0	0.0	0.0	0.0	0.0	0.0	0.0	0.0	0.0	0.0	0.0	0.0
SRR5468419	1000.0	0.0	2.2088303201553683	0.0	0.0	0.0	0.0	0.0	0.0	0.0	0.0	0.0	0.0	0.0	0.0	0.0
SRR11668400	1000.0	0.0	0.32829128510365924	0.0	0.0	0.0	0.0	0.0	0.0	0.0	0.0	0.0	0.0	0.0	0.36296286470389255	0.0
SRR7497727	1000.0	0.0	0.0	0.0	0.0	0.5321340552111887	0.0	0.0	0.0	0.0	0.9964210183829512	0.0	0.0	0.0	1.0692368217451609	0.0
SRR5817589	1000.0	0.0	2.9398917077864595	0.0	0.0	0.0	0.0	0.0	0.0	0.0	0.6722377378251004	0.0	0.0	0.0	1.4284626422688684	0.0
SRR15677233	1000.0	0.0	3.608454627889802	0.0	0.0	0.3690890766844709	0.0	0.0	0.0	0.0	0.0	0.0	0.0	0.0	0.6381198938009793	0.0
SRR5124967	1000.0	0.0	0.3142063603181787	0.0	0.0	0.0	0.0	0.0	0.0	0.0	0.154746632456703	0.0	0.0	0.0	0.44213323559058004	0.0
SRR9691029	1000.0	0.0	1.1333054612579234	0.5392782025792534	0.0	0.0	0.0	0.0	0.0	0.0	0.0	0.0	0.0	0.0	1.7437245517814235	0.5392782025792534
SRR12418380	1000.0	0.0	1.7536314405824842	0.0	0.0	0.0	0.0	0.0	0.0	0.0	0.0	0.0	0.0	0.0	1.0314934494555548	0.0
SRR5210216	1000.0	0.0	0.0	0.0	0.0	0.0	0.0	0.0	0.0	0.0	0.0	0.0	0.0	0.0	0.0	0.0
SRR18694244	1000.0	0.0	19.300645540569565	0.0	0.0	0.0	0.0	0.0	0.0	0.0	2.0948682313006746	0.0	0.0	0.0	2.3277675398629256	0.0
SRR11837216	1000.0	0.0732902752965966	3.2515584065596657	0.0	0.0	0.0	0.0	0.0	0.0	0.0	0.20887728459530025	0.0	0.0	0.0	2.346148109974545	0.0
SRR20746678	1000.0	0.0	18.508629877531803	0.0	0.0	0.0	0.0	0.0	0.0	0.0	1.8101846426104504	0.0	0.0	0.0	4.006588482409699	0.0
SRR14454005	1000.0	0.0	1.1977133655662398	0.0	0.0	0.0	0.0	0.0	0.0	0.0	0.11797476650827463	0.0	0.0	0.0	1.6853538072610657	0.0
SRR10968158	1000.0	0.0	4.969443258901411	0.0	0.0	0.0	0.0	0.0	0.0	0.0	3.8559666308385316	0.0	0.0	0.0	4.535901106568823	0.0
SRR9691040	1000.0	0.0	0.7492142938030935	0.0	0.0	0.0	0.0	0.0	0.0	0.0	3.4722580318831304	0.0	0.0	0.0	3.8666925164679706	0.0
SRR9691033	1000.0	0.0	0.23917125375713055	0.0	0.0	0.0	0.0	0.0	0.0	0.0	4.040702120230742	0.0	0.0	0.0	0.0	0.0
SRR15677226	1000.0	0.0	0.46520258180806084	0.0	0.0	0.14274907884141427	0.0	0.0	0.0	0.0	0.0	0.0	0.0	0.0	0.73907658253405	0.0
SRR10968223	1000.0	0.0	4.178654807905968	0.0	0.0	0.0	0.0	0.0	0.0	0.0	2.557801236173521	0.0	0.0	0.0	2.2064693353366	0.0
SRR9691023	1000.0	0.3101647247890719	2.9914364319758207	0.0	0.0	0.18358659722717652	0.0	0.0	0.0	0.0	0.9487995582388996	0.0	0.0	0.0	1.3744258286243018	0.0
SRR23952770	1000.0	0.0	0.0	0.0	0.0	0.0	0.0	0.0	0.0	0.0	0.0	0.0	0.0	0.0	0.0	0.0
SRR11837471	1000.0	0.0	0.7760943536710476	0.0	0.0	0.2381473328242934	0.0	0.0	0.0	0.0	0.40611562350692787	0.0	0.0	0.0	1.572064430991469	0.0
SRR12418382	1000.0	0.0	0.5374956403645349	0.0	0.0	0.0	0.0	0.0	0.0	0.0	0.6362486770964225	0.0	0.0	0.0	1.3259580709666001	0.0
SRR5494301	1000.0	0.0	3.995157988074304	0.0	0.0	0.0	0.18051516597491696	0.11642694136843756	0.0	0.0	1.6639190709004654	0.0	0.0	0.0	3.5355617965675497	0.0
SRR5210212	1000.0	0.0	1.4144201862894878	0.0	0.0	0.0	0.0	0.0	0.0	0.0	0.0	0.0	0.0	0.0	1.2452720015338758	0.0
SRR9691037	1000.0	0.0	18.77020789969477	0.0	0.0	0.0	0.0	0.0	0.0	0.0	1.6479509145635562	0.0	0.0	0.0	1.9054217139165879	0.0
SRR23952763	1000.0	0.0	0.0	0.0	0.0	0.0	0.0	0.0	0.0	0.0	0.0	0.0	0.0	0.0	0.0	0.0
SRR1269557	1000.0	0.0	0.0	0.0	0.0	0.0	0.0	0.0	0.0	0.0	0.0	0.0	0.0	0.0	0.0	0.0
SRR5246787	1000.0	0.0	0.6258257422988664	0.0	0.0	0.0	0.6463311729115424	0.0	0.0	0.0	0.4792103086308646	0.0	0.0	0.0	5.229950795377205	0.0
SRR5210210	1000.0	0.0	1.2380834468243158	0.0	0.0	0.0	0.0	0.0	0.0	0.0	0.27100271002710025	0.0	0.0	0.0	0.0	0.0
SRR10968148	1000.0	0.0	0.0	0.0	0.0	0.0	0.0	0.0	0.0	0.0	0.5705643219081749	0.0	0.0	0.0	2.12043378072227	0.0
SRR14626313	1000.0	0.0	1.1431187880414617	0.0	0.0	0.0	0.0	0.0	0.0	0.0	0.0	0.0	0.0	0.0	0.0	0.0
SRR7497728	1000.0	0.0	0.0	0.0	0.0	0.0	0.0	0.0	0.0	0.0	0.0	0.0	0.0	0.0	0.535783160348676	0.0
SRR21120495	1000.0	0.0	0.0	0.0	0.0	0.0	0.0	0.0	0.0	0.0	0.7236095346197502	0.0	0.0	0.0	0.10337279065996431	0.0
SRR11837452	1000.0	0.0	2.4428680810724313	0.0	0.0	0.0	0.0	0.0	0.0	0.0	0.0	0.0	0.0	0.0	1.638944925905157	0.0
SRR18694238	1000.0	0.1102648630214846	27.862867417307122	0.0	0.0	0.0	0.0	0.0	0.0	0.0	1.712198077007962	0.0	0.0	0.0	2.09664437411819	0.0
SRR22215820	1000.0	0.0	12.313860932233382	0.0	0.0	0.0	0.0	0.0	0.0	0.0	0.7580720636406176	0.0	0.0	0.0	0.7219733939434454	0.0
SRR9691058	1000.0	0.0	0.29777552378249356	0.0	0.0	0.09137348626970597	0.0	0.08677777838040124	0.0	0.0	12.048254951536219	0.0	0.0	0.0	0.261882938326568	0.0
SRR11837391	1000.0	0.0	0.8289693708770108	0.0	0.0	0.0	0.0	0.0	0.0	0.0	0.0	0.0	0.0	0.0	1.7529892377822573	0.0
SRR5210468	1000.0	0.0	0.6449474232546393	0.0	0.0	0.0	0.0	0.0	0.0	0.0	0.0	0.0	0.0	0.0	0.22728916347256511	0.0
SRR15400731	1000.0	0.0	3.9834575858587256	0.0	0.0	0.0	0.0	0.0	0.0	0.0	0.980653268047503	0.0	0.0	0.0	2.204595583041674	0.0
SRR11668386	1000.0	0.0	0.9920966394653988	0.0	0.0	0.3044284080602548	0.0	0.0	0.0	0.0	0.0	0.0	0.0	0.0	1.575223767210677	0.0
SRR9691051	1000.0	0.0	14.474112198350623	0.0	0.0	0.0	0.0	0.0	0.0	0.0	16.940165477290346	0.0	0.0	0.31083576705033494	0.47365450217193894	0.0
SRR17651686	1000.0	0.0	0.0	0.0	0.0	0.0	0.0	0.0	0.0	0.0	0.0	0.0	0.0	0.0	0.0	0.0
SRR18694237	1000.0	0.1191658391261172	17.009864955464035	0.0	0.0	0.0	0.0	0.0	0.0	0.0	1.087421019893711	0.0	0.0	0.0	3.0878122733799325	0.0
SRR9691035	1000.0	0.0	1.4115098038177813	0.0	0.0	0.0	0.0	0.0	0.0	0.0	2.0125408546425767	0.0	0.0	0.0	1.6144528025732825	0.0
SRR7497679	1000.0	0.0	0.0	0.0	0.0	0.0	0.0	0.0	0.0	0.0	0.0	0.0	0.0	0.0	1.5428667675435888	0.0
SRR9691057	1000.0	0.1501106485708538	23.16428282514698	0.0	0.0	0.0	0.0	0.0	0.0	0.0	10.4830487587037	0.0	0.0	0.17825639517788888	2.4474022433092446	0.0
SRR5210214	1000.0	0.0	1.3876277741057619	0.0	0.0	0.0	0.0	0.26958843343080385	0.0	0.0	1.5008729679120962	0.0	0.0	0.0	0.33529332002021617	0.0
SRR18694245	1000.0	0.12025198609731877	20.41231682789005	0.0	0.0	0.0	0.0	0.0	0.0	0.0	0.524066783357306	0.0	0.0	0.0	2.299960775717251	0.0
SRR5210316	1000.0	0.0	3.30902882301981	0.0	0.0	0.0	0.0	0.0	0.0	0.0	0.0	0.0	0.0	0.0	1.6334584984298532	0.0
SRR5210466	1000.0	0.0	2.213221104258523	0.0	0.0	0.0	0.0	0.0	0.0	0.0	0.34062856057728824	0.0	0.0	0.0	0.19464489175845043	0.0
SRR20746692	1000.0	0.0	10.856251736242644	0.0	0.0	0.0	0.0	0.0	0.0	0.0	3.997850687453771	0.0	0.0	0.3517568407960199	4.626697304256454	0.0
SRR19666940	1000.0	0.2415492182338692	36.57570142089501	0.0	0.0	0.0	0.0	0.0	0.0	0.0	1.0910220385793743	0.0	0.0	0.2868396966527197	2.38152722750496	0.0
SRR9691055	1000.0	0.0	1.630951419393721	0.0	0.0	0.0	0.0	0.0	0.0	0.0	0.6024326805385557	0.0	0.0	0.0	0.38352700359725667	0.0
SRR15677227	1000.0	0.0	0.0	0.0	0.0	0.0	0.0	0.0	0.0	0.0	0.0	0.0	0.0	0.0	0.6017264870098787	0.0
SRR15677213	1000.0	0.0	0.6812902861419202	0.0	0.0	0.0	0.0	0.0	0.0	0.0	0.0	0.0	0.0	0.0	0.9612544638063822	0.0
SRR9691059	1000.0	0.0	30.05845630670323	0.0	0.0	0.0	0.0	0.0	0.0	0.0	6.676201313554254	0.0	0.0	0.0	1.8398054858276616	0.0
SRR15532679	1000.0	0.0	1.3887861944364965	0.0	0.0	0.017756417465212216	0.050094698999458474	0.0	0.0	0.0	0.17548401774927982	0.0	0.0	0.0	1.631845366306657	0.0
SRR11837370	1000.0	0.0	1.6440946176452453	0.0	0.0	0.14414180670944074	0.0	0.0	0.0	0.0	0.4916136495083863	0.0	0.0	0.0	1.489459636622877	0.0
SRR10968149	1000.0	0.0	0.2833127332192254	0.0	0.0	0.0	0.0	0.0	0.0	0.0	0.1395315211104685	0.0	0.0	0.0	1.6943113277699744	0.0
SRR21120502	1000.0	0.0	0.0	0.0	0.0	0.0	0.35118142274493086	0.0	0.0	0.0	0.4784846884899683	0.0	0.0	0.0	0.6640195677003641	0.0
SRR7497675	1000.0	0.0	0.6544391659800142	0.0	0.0	0.0	0.0	0.0	0.0	0.0	0.0	0.0	0.0	0.0	2.1706678663449344	0.0
SRR23952768	1000.0	0.0	0.0	0.0	0.0	0.0	0.0	0.0	0.0	0.0	0.0	0.0	0.0	0.0	0.0	0.0
SRR6056298	1000.0	0.36311869442323963	0.7004319993950815	0.0	0.0	0.0	0.0	0.0	0.0	0.0	0.0	0.0	0.0	0.0	0.0	0.0
SRR13961593	1000.0	0.0	0.5182650598831718	0.0	0.0	0.0	0.0	0.0	0.0	0.0	0.0	0.0	0.0	0.0	0.8755203587092044	0.0
SRR20746687	1000.0	0.0	0.4272846912440821	0.0	0.0	0.0	0.0	0.0	0.0	0.0	10.776300097865931	0.0	0.0	0.0	1.3536234362087145	0.0
SRR9691018	1000.0	0.0	0.4728506302752913	0.0	0.0	0.0	0.0	0.0	0.0	0.0	0.0	0.0	0.0	0.0	1.497974788432257	0.0
SRR15677222	1000.0	0.0	3.551974128904852	0.0	0.0	0.0	0.0	0.0	0.0	0.0	0.0	0.0	0.0	0.0	2.2505067577748057	0.0
SRR18694250	1000.0	0.0	12.295515925614552	0.0	0.0	0.0	0.0	0.0	0.0	0.0	3.0771811249160805	0.0	0.0	0.0	2.201584607983913	0.0
SRR18694236	1000.0	0.0	20.603787385356107	0.0	0.0	0.0	0.0	0.0	0.0	0.0	3.5279598422527285	0.0	0.0	0.0	2.9981151872239127	0.0
SRR11837300	1000.0	0.0	0.6159120888145232	0.0	0.0	0.12599655399424825	0.0	0.0	0.0	0.0	0.14814979425697322	0.0	0.0	0.0	1.8178381572225786	0.0
SRR20746680	1000.0	0.0	16.278836005427955	0.0	0.0	0.0	0.0	0.0	0.0	0.0	8.087884480194223	0.0	0.0	0.24443069306930693	2.2487759168930834	0.0
SRR20746695	1000.0	0.0	4.57596928505425	0.0	0.0	0.0	0.0	0.0	0.0	0.0	21.50340471077383	0.0	0.0	0.0	1.0348461151021922	0.0
SRR11837214	1000.0	0.0	2.0372476783864997	0.0	0.0	0.0	0.0	0.0	0.0	0.0	0.1615691596788005	0.0	0.0	0.0	1.5938969572565698	0.0
SRR21120500	1000.0	0.0	0.37130772464357825	0.0	0.0	0.0	0.0	0.0	0.0	0.0	0.0	0.0	0.0	0.0	0.0	0.0
SRR23315101	1000.0	0.0	10.714763228629257	0.0	0.0	0.0	0.0	0.0	0.0	0.0	5.655328622039507	0.0	0.0	0.0	1.8884568378347086	0.0
